Kingdom	Phylum	Class	Order	Family	Genus	Species	1_11O	2_11P	3_11Q	4_11S	5_11T	6_11U	7_11W	8_11Y	9_11Z	10_12O	11_12P	12_12R	13_12S	14_12T	15_12U	16_12V	17_12W	18_12Y	19_12X	20_12Z	21_9K	22_9L	23_9M	24_9N	25_9O	26_9P	27_9Q	28_9R	29_9S	30_9T	31_9V	32_11O	33_11P	34_11Q	35_11S	36_11T	37_11U	38_11W	39_11Y	40_11Z	41_12O	42_12P	43_12R	44_12S	45_12T	46_12U	47_12V	48_12W	49_12Y	50_12X	51_12Z	52_9K	53_9L	54_9M	55_9N	56_9O	57_9P	58_9Q	59_9R	60_9S	61_9T	62_9V
Unassigned	P_Other	C_Other	O_Other	F_Other	G_Other	S_Other	0.0	1.0	1.0	0.0	1.0	0.0	0.0	1.0	0.0	0.0	0.0	0.0	0.0	1.0	0.0	0.0	0.0	1.0	1.0	0.0	1.0	0.0	0.0	0.0	0.0	0.0	0.0	0.0	0.0	1.0	0.0	5.0	0.0	0.0	0.0	1.0	0.0	0.0	0.0	1.0	0.0	0.0	0.0	3.0	0.0	1.0	0.0	3.0	4.0	5.0	18.0	0.0	1.0	0.0	4.0	0.0	0.0	2.0	0.0	0.0	1.0	0.0
k__Bacteria	p__Actinobacteria	c__Actinobacteria	o__Bifidobacteriales	f__Bifidobacteriaceae	g__Bifidobacterium	g__Bifidobacterium_s	0.0	0.0	0.0	0.0	0.0	2.0	0.0	0.0	0.0	0.0	0.0	0.0	0.0	0.0	3.0	1.0	1.0	0.0	0.0	0.0	0.0	0.0	0.0	0.0	0.0	0.0	0.0	0.0	0.0	0.0	0.0	0.0	0.0	0.0	0.0	0.0	2.0	1.0	1.0	0.0	0.0	0.0	0.0	0.0	0.0	0.0	0.0	0.0	0.0	0.0	0.0	0.0	0.0	0.0	2.0	0.0	0.0	1.0	0.0	0.0	0.0	3.0
k__Bacteria	p__Actinobacteria	c__Actinobacteria	o__Bifidobacteriales	f__Bifidobacteriaceae	g__Bifidobacterium	s__pseudolongum	0.0	0.0	652.0	0.0	0.0	395.0	0.0	151.0	11.0	0.0	0.0	9.0	0.0	6.0	56.0	132.0	9.0	1.0	0.0	0.0	0.0	0.0	29.0	239.0	0.0	0.0	6.0	77.0	0.0	8.0	0.0	2.0	4.0	82.0	1.0	24.0	1107.0	366.0	154.0	332.0	5.0	0.0	1.0	3.0	0.0	287.0	1.0	1.0	0.0	5.0	4.0	0.0	0.0	62.0	919.0	263.0	0.0	1227.0	0.0	0.0	608.0	801.0
k__Bacteria	p__Actinobacteria	c__Coriobacteriia	o__Coriobacteriales	f__Coriobacteriaceae	f__Coriobacteriaceae_g_	f__Coriobacteriaceae_g_s	3.0	2.0	0.0	0.0	0.0	0.0	0.0	0.0	0.0	0.0	32.0	0.0	0.0	94.0	0.0	0.0	0.0	0.0	0.0	0.0	22.0	95.0	0.0	0.0	0.0	0.0	0.0	0.0	0.0	0.0	0.0	0.0	172.0	68.0	0.0	0.0	35.0	134.0	24.0	104.0	0.0	0.0	9.0	76.0	0.0	0.0	0.0	64.0	120.0	228.0	289.0	0.0	85.0	0.0	0.0	20.0	0.0	0.0	0.0	0.0	143.0	65.0
k__Bacteria	p__Actinobacteria	c__Coriobacteriia	o__Coriobacteriales	f__Coriobacteriaceae	g__Adlercreutzia	g__Adlercreutzia_s	9.0	8.0	37.0	14.0	10.0	7.0	29.0	4.0	0.0	23.0	19.0	12.0	18.0	14.0	3.0	35.0	6.0	4.0	14.0	1.0	23.0	32.0	4.0	8.0	12.0	12.0	36.0	6.0	5.0	18.0	9.0	7.0	1.0	15.0	1.0	85.0	24.0	29.0	13.0	20.0	17.0	138.0	19.0	36.0	26.0	19.0	13.0	10.0	42.0	79.0	55.0	27.0	63.0	13.0	71.0	26.0	13.0	99.0	7.0	6.0	47.0	30.0
k__Bacteria	p__Bacteroidetes	c__Bacteroidia	o__Bacteroidales	f__Porphyromonadaceae	g__Barnesiella	g__Barnesiella_s	437.0	925.0	334.0	876.0	495.0	225.0	492.0	1158.0	397.0	127.0	517.0	263.0	66.0	33.0	786.0	794.0	474.0	185.0	799.0	375.0	342.0	561.0	268.0	164.0	364.0	10.0	1207.0	558.0	437.0	627.0	441.0	177.0	225.0	584.0	270.0	728.0	10.0	341.0	906.0	361.0	140.0	3.0	52.0	11.0	138.0	15.0	87.0	8.0	6.0	9.0	5.0	31.0	210.0	68.0	276.0	426.0	630.0	177.0	60.0	9.0	30.0	230.0
k__Bacteria	p__Bacteroidetes	c__Bacteroidia	o__Bacteroidales	f__Porphyromonadaceae	g__Parabacteroides	g__Parabacteroides_s	0.0	0.0	0.0	0.0	0.0	0.0	0.0	0.0	0.0	0.0	0.0	0.0	0.0	0.0	0.0	0.0	0.0	0.0	0.0	0.0	0.0	0.0	0.0	0.0	0.0	0.0	0.0	0.0	0.0	0.0	0.0	0.0	0.0	0.0	0.0	0.0	0.0	0.0	0.0	0.0	236.0	0.0	0.0	17.0	0.0	0.0	0.0	9.0	29.0	14.0	14.0	0.0	0.0	0.0	0.0	0.0	0.0	0.0	0.0	0.0	0.0	0.0
k__Bacteria	p__Bacteroidetes	c__Bacteroidia	o__Bacteroidales	f__S24-7	f__S24-7_g_	f__S24-7_g_s	0.0	0.0	0.0	9.0	13.0	0.0	0.0	0.0	0.0	1.0	1.0	0.0	1.0	0.0	0.0	0.0	1.0	2.0	1.0	2.0	0.0	0.0	2.0	0.0	8.0	2.0	0.0	0.0	0.0	0.0	2.0	1.0	0.0	1.0	6.0	13.0	0.0	5.0	1.0	1.0	0.0	0.0	0.0	0.0	7.0	0.0	0.0	0.0	0.0	0.0	0.0	0.0	0.0	0.0	1.0	7.0	13.0	2.0	0.0	0.0	0.0	1.0
k__Bacteria	p__Firmicutes	c__Bacilli	o__Bacillales	f__Planococcaceae	f__Planococcaceae_g_	f__Planococcaceae_g_s	0.0	0.0	0.0	0.0	0.0	0.0	0.0	0.0	0.0	0.0	0.0	0.0	0.0	0.0	0.0	0.0	0.0	0.0	0.0	0.0	3.0	0.0	0.0	0.0	0.0	0.0	1.0	0.0	0.0	0.0	0.0	0.0	0.0	0.0	0.0	0.0	0.0	0.0	0.0	0.0	2.0	0.0	0.0	1.0	0.0	0.0	0.0	0.0	0.0	1.0	0.0	0.0	0.0	0.0	1.0	0.0	0.0	0.0	0.0	0.0	0.0	0.0
k__Bacteria	p__Firmicutes	c__Bacilli	o__Lactobacillales	f__Enterococcaceae	f__Enterococcaceae_g_	f__Enterococcaceae_g_s	0.0	0.0	0.0	0.0	0.0	0.0	0.0	0.0	0.0	0.0	0.0	0.0	0.0	0.0	0.0	0.0	0.0	0.0	0.0	0.0	64.0	0.0	0.0	0.0	0.0	0.0	0.0	0.0	0.0	0.0	0.0	0.0	1.0	0.0	0.0	0.0	0.0	0.0	0.0	0.0	3.0	0.0	0.0	0.0	1.0	0.0	2.0	0.0	0.0	2.0	0.0	0.0	1.0	0.0	2.0	1.0	1.0	0.0	1.0	0.0	0.0	0.0
k__Bacteria	p__Firmicutes	c__Bacilli	o__Lactobacillales	f__Lactobacillaceae	g__Lactobacillus	g__Lactobacillus_s	740.0	897.0	1057.0	90.0	984.0	1787.0	43.0	506.0	105.0	516.0	7.0	102.0	84.0	917.0	649.0	649.0	187.0	371.0	327.0	154.0	1454.0	447.0	74.0	1237.0	1164.0	1254.0	1049.0	1332.0	596.0	1126.0	547.0	2248.0	1684.0	1530.0	1518.0	262.0	1554.0	167.0	468.0	367.0	70.0	1704.0	729.0	875.0	2.0	542.0	72.0	978.0	916.0	1664.0	1752.0	8.0	1281.0	108.0	344.0	272.0	322.0	215.0	0.0	1.0	233.0	230.0
k__Bacteria	p__Firmicutes	c__Bacilli	o__Turicibacterales	f__Turicibacteraceae	g__Turicibacter	g__Turicibacter_s	20.0	159.0	119.0	0.0	1.0	6.0	372.0	16.0	28.0	100.0	131.0	70.0	17.0	0.0	66.0	1.0	40.0	51.0	61.0	66.0	44.0	152.0	38.0	145.0	33.0	81.0	8.0	33.0	1.0	1.0	0.0	7.0	18.0	113.0	5.0	171.0	331.0	81.0	80.0	191.0	18.0	13.0	1.0	0.0	0.0	0.0	2.0	0.0	0.0	0.0	1.0	5.0	163.0	38.0	1.0	60.0	1.0	1.0	8.0	0.0	40.0	172.0
k__Bacteria	p__Firmicutes	c__Clostridia	o__Clostridiales	o__Clostridiales_f_	o__Clostridiales_f_g_	o__Clostridiales_f_g_s	3.0	1.0	4.0	1.0	2.0	2.0	1.0	3.0	4.0	10.0	5.0	1.0	0.0	0.0	7.0	6.0	1.0	4.0	4.0	0.0	1.0	1.0	0.0	5.0	2.0	3.0	3.0	2.0	2.0	2.0	2.0	0.0	1.0	4.0	0.0	11.0	0.0	1.0	6.0	18.0	0.0	0.0	0.0	0.0	3.0	0.0	0.0	0.0	0.0	0.0	0.0	1.0	0.0	5.0	2.0	4.0	0.0	3.0	0.0	0.0	0.0	2.0
k__Bacteria	p__Firmicutes	c__Clostridia	o__Clostridiales	o__Clostridiales_f_	o__Clostridiales_f_g_	o__Clostridiales_f_g_s	645.0	559.0	531.0	988.0	842.0	423.0	552.0	630.0	1547.0	634.0	836.0	778.0	612.0	532.0	478.0	754.0	1077.0	1036.0	930.0	1207.0	719.0	771.0	1539.0	509.0	536.0	322.0	377.0	419.0	1054.0	639.0	1059.0	529.0	509.0	312.0	874.0	669.0	68.0	890.0	708.0	927.0	1285.0	224.0	866.0	644.0	785.0	1086.0	1640.0	889.0	504.0	215.0	195.0	936.0	277.0	780.0	374.0	912.0	1202.0	340.0	630.0	1528.0	677.0	594.0
k__Bacteria	p__Firmicutes	c__Clostridia	o__Clostridiales	f__Christensenellaceae	f__Christensenellaceae_g_	f__Christensenellaceae_g_s	0.0	0.0	0.0	0.0	0.0	0.0	0.0	0.0	0.0	0.0	0.0	0.0	0.0	0.0	1.0	0.0	0.0	0.0	0.0	0.0	0.0	0.0	0.0	0.0	0.0	0.0	0.0	1.0	0.0	0.0	0.0	1.0	0.0	0.0	0.0	0.0	0.0	0.0	0.0	0.0	0.0	0.0	0.0	0.0	16.0	0.0	0.0	0.0	0.0	0.0	0.0	4.0	1.0	8.0	3.0	2.0	4.0	0.0	19.0	7.0	4.0	5.0
k__Bacteria	p__Firmicutes	c__Clostridia	o__Clostridiales	f__Clostridiaceae	f__Clostridiaceae_g_	f__Clostridiaceae_g_s	5.0	1.0	0.0	0.0	0.0	0.0	1.0	1.0	0.0	3.0	3.0	0.0	3.0	0.0	1.0	0.0	0.0	1.0	0.0	1.0	0.0	1.0	0.0	1.0	1.0	0.0	0.0	0.0	0.0	0.0	0.0	0.0	2.0	2.0	0.0	0.0	0.0	0.0	3.0	1.0	1.0	0.0	0.0	0.0	0.0	0.0	1.0	0.0	0.0	0.0	0.0	0.0	2.0	2.0	0.0	0.0	0.0	0.0	0.0	0.0	0.0	0.0
k__Bacteria	p__Firmicutes	c__Clostridia	o__Clostridiales	f__Clostridiaceae	f__Clostridiaceae_g_	f__Clostridiaceae_g_s	175.0	134.0	3.0	3.0	4.0	2.0	141.0	111.0	22.0	147.0	152.0	26.0	401.0	17.0	254.0	29.0	10.0	166.0	6.0	186.0	87.0	318.0	25.0	82.0	237.0	38.0	3.0	119.0	1.0	6.0	1.0	22.0	48.0	138.0	0.0	12.0	0.0	43.0	126.0	144.0	117.0	41.0	70.0	24.0	2.0	12.0	80.0	11.0	17.0	31.0	39.0	46.0	188.0	73.0	33.0	17.0	13.0	26.0	80.0	10.0	21.0	10.0
k__Bacteria	p__Firmicutes	c__Clostridia	o__Clostridiales	f__Clostridiaceae	g__Clostridium	g__Clostridium_s	0.0	0.0	7.0	2.0	4.0	1.0	99.0	26.0	23.0	0.0	0.0	1.0	6.0	0.0	44.0	0.0	3.0	26.0	3.0	25.0	0.0	0.0	5.0	2.0	4.0	1.0	11.0	9.0	12.0	2.0	40.0	0.0	0.0	38.0	0.0	7.0	1.0	0.0	37.0	1.0	24.0	2.0	13.0	0.0	15.0	0.0	30.0	0.0	0.0	1.0	0.0	0.0	0.0	2.0	1.0	1.0	0.0	1.0	0.0	1.0	7.0	6.0
k__Bacteria	p__Firmicutes	c__Clostridia	o__Clostridiales	f__Dehalobacteriaceae	g__Dehalobacterium	g__Dehalobacterium_s	2.0	0.0	0.0	2.0	1.0	1.0	0.0	3.0	3.0	1.0	1.0	3.0	2.0	1.0	1.0	2.0	1.0	1.0	0.0	0.0	0.0	3.0	2.0	0.0	1.0	2.0	1.0	0.0	2.0	1.0	7.0	1.0	0.0	0.0	2.0	2.0	0.0	3.0	3.0	1.0	6.0	0.0	1.0	4.0	1.0	2.0	0.0	2.0	5.0	3.0	0.0	0.0	1.0	2.0	1.0	3.0	2.0	0.0	0.0	2.0	1.0	1.0
k__Bacteria	p__Firmicutes	c__Clostridia	o__Clostridiales	f__Lachnospiraceae	f__Lachnospiraceae_g_	f__Lachnospiraceae_g_s	0.0	0.0	2.0	6.0	3.0	1.0	6.0	0.0	2.0	2.0	0.0	8.0	3.0	3.0	1.0	1.0	6.0	8.0	4.0	2.0	0.0	1.0	3.0	4.0	1.0	2.0	1.0	2.0	4.0	4.0	7.0	0.0	0.0	1.0	1.0	1.0	0.0	0.0	0.0	0.0	0.0	1.0	0.0	1.0	6.0	1.0	1.0	1.0	0.0	0.0	0.0	1.0	0.0	3.0	2.0	2.0	3.0	5.0	2.0	6.0	0.0	1.0
k__Bacteria	p__Firmicutes	c__Clostridia	o__Clostridiales	f__Lachnospiraceae	f__Lachnospiraceae_g_	f__Lachnospiraceae_g_s	608.0	114.0	36.0	171.0	116.0	78.0	181.0	92.0	295.0	367.0	362.0	225.0	197.0	314.0	78.0	138.0	279.0	186.0	253.0	248.0	251.0	273.0	407.0	143.0	75.0	281.0	97.0	144.0	351.0	95.0	260.0	54.0	186.0	65.0	109.0	235.0	32.0	324.0	124.0	74.0	143.0	3.0	141.0	241.0	170.0	218.0	177.0	202.0	112.0	61.0	39.0	215.0	119.0	228.0	94.0	147.0	169.0	82.0	255.0	428.0	203.0	140.0
k__Bacteria	p__Firmicutes	c__Clostridia	o__Clostridiales	f__Lachnospiraceae	g__Anaerostipes	g__Anaerostipes_s	6.0	12.0	9.0	43.0	46.0	0.0	59.0	0.0	2.0	7.0	0.0	3.0	15.0	0.0	36.0	40.0	25.0	19.0	89.0	0.0	13.0	94.0	3.0	40.0	24.0	5.0	0.0	49.0	14.0	37.0	2.0	2.0	4.0	1.0	25.0	0.0	0.0	17.0	4.0	4.0	0.0	0.0	0.0	0.0	0.0	0.0	0.0	0.0	0.0	0.0	0.0	0.0	28.0	1.0	0.0	3.0	20.0	0.0	0.0	0.0	0.0	0.0
k__Bacteria	p__Firmicutes	c__Clostridia	o__Clostridiales	f__Lachnospiraceae	g__Coprococcus	g__Coprococcus_s	25.0	9.0	9.0	17.0	14.0	13.0	8.0	2.0	17.0	26.0	34.0	19.0	44.0	37.0	6.0	6.0	31.0	13.0	16.0	21.0	9.0	24.0	15.0	15.0	4.0	50.0	4.0	15.0	19.0	6.0	17.0	3.0	11.0	11.0	11.0	35.0	1.0	12.0	9.0	11.0	94.0	1.0	96.0	14.0	39.0	215.0	85.0	29.0	14.0	6.0	2.0	48.0	14.0	35.0	17.0	34.0	20.0	21.0	32.0	127.0	64.0	15.0
k__Bacteria	p__Firmicutes	c__Clostridia	o__Clostridiales	f__Lachnospiraceae	g__Dorea	g__Dorea_s	3.0	0.0	21.0	46.0	38.0	0.0	100.0	1.0	22.0	5.0	13.0	277.0	391.0	33.0	94.0	7.0	82.0	67.0	45.0	77.0	2.0	4.0	39.0	70.0	87.0	191.0	10.0	23.0	13.0	44.0	34.0	14.0	0.0	10.0	8.0	139.0	2.0	69.0	16.0	24.0	17.0	12.0	40.0	36.0	27.0	12.0	20.0	38.0	31.0	10.0	14.0	11.0	3.0	65.0	25.0	24.0	43.0	41.0	10.0	10.0	40.0	65.0
k__Bacteria	p__Firmicutes	c__Clostridia	o__Clostridiales	f__Lachnospiraceae	g__Roseburia	g__Roseburia_s	0.0	0.0	0.0	0.0	0.0	0.0	0.0	0.0	1.0	0.0	0.0	0.0	0.0	0.0	0.0	0.0	0.0	0.0	0.0	0.0	0.0	0.0	0.0	0.0	0.0	0.0	1.0	2.0	0.0	0.0	0.0	0.0	0.0	0.0	0.0	0.0	1.0	1.0	0.0	0.0	0.0	0.0	0.0	0.0	6.0	0.0	0.0	0.0	0.0	0.0	0.0	13.0	2.0	0.0	0.0	1.0	0.0	0.0	4.0	1.0	1.0	2.0
k__Bacteria	p__Firmicutes	c__Clostridia	o__Clostridiales	f__Lachnospiraceae	g__[Ruminococcus]	s__gnavus	71.0	31.0	252.0	177.0	114.0	66.0	146.0	80.0	136.0	168.0	111.0	167.0	221.0	158.0	31.0	160.0	188.0	245.0	107.0	173.0	29.0	67.0	117.0	123.0	78.0	256.0	116.0	87.0	126.0	83.0	292.0	20.0	47.0	75.0	54.0	255.0	25.0	120.0	73.0	65.0	84.0	19.0	101.0	117.0	87.0	74.0	65.0	44.0	57.0	51.0	41.0	38.0	29.0	116.0	86.0	102.0	131.0	76.0	81.0	65.0	120.0	90.0
k__Bacteria	p__Firmicutes	c__Clostridia	o__Clostridiales	f__Peptococcaceae	g__rc4-4	g__rc4-4_s	0.0	0.0	0.0	5.0	6.0	12.0	0.0	0.0	0.0	0.0	0.0	31.0	0.0	0.0	12.0	0.0	0.0	0.0	8.0	0.0	0.0	0.0	7.0	2.0	17.0	0.0	16.0	6.0	0.0	4.0	0.0	0.0	0.0	4.0	6.0	17.0	0.0	10.0	0.0	0.0	0.0	0.0	0.0	10.0	19.0	15.0	0.0	11.0	13.0	2.0	5.0	0.0	0.0	34.0	23.0	14.0	10.0	2.0	0.0	7.0	2.0	0.0
k__Bacteria	p__Firmicutes	c__Clostridia	o__Clostridiales	f__Peptostreptococcaceae	f__Peptostreptococcaceae_g_	f__Peptostreptococcaceae_g_s	2.0	33.0	1.0	0.0	0.0	0.0	20.0	1.0	1.0	0.0	97.0	46.0	0.0	66.0	7.0	0.0	0.0	8.0	0.0	11.0	0.0	11.0	30.0	173.0	5.0	13.0	0.0	0.0	0.0	0.0	0.0	10.0	0.0	0.0	0.0	0.0	1.0	1.0	1.0	0.0	81.0	808.0	501.0	105.0	7.0	39.0	12.0	5.0	44.0	250.0	73.0	347.0	87.0	332.0	222.0	222.0	31.0	0.0	2.0	15.0	206.0	27.0
k__Bacteria	p__Firmicutes	c__Clostridia	o__Clostridiales	f__Ruminococcaceae	f__Ruminococcaceae_g_	f__Ruminococcaceae_g_s	28.0	14.0	4.0	16.0	19.0	17.0	8.0	20.0	111.0	161.0	113.0	39.0	24.0	45.0	3.0	14.0	4.0	116.0	13.0	184.0	13.0	20.0	48.0	15.0	0.0	22.0	13.0	5.0	34.0	14.0	74.0	19.0	21.0	7.0	49.0	63.0	0.0	68.0	8.0	15.0	18.0	6.0	17.0	23.0	29.0	23.0	29.0	26.0	10.0	0.0	4.0	32.0	3.0	29.0	11.0	75.0	25.0	5.0	26.0	49.0	21.0	64.0
k__Bacteria	p__Firmicutes	c__Clostridia	o__Clostridiales	f__Ruminococcaceae	f__Ruminococcaceae_g_	f__Ruminococcaceae_g_s	59.0	39.0	36.0	28.0	21.0	23.0	48.0	94.0	80.0	159.0	160.0	44.0	111.0	86.0	72.0	22.0	126.0	102.0	71.0	135.0	10.0	62.0	99.0	50.0	16.0	50.0	28.0	64.0	82.0	21.0	74.0	7.0	59.0	30.0	47.0	69.0	1.0	34.0	81.0	37.0	172.0	45.0	96.0	232.0	467.0	142.0	392.0	209.0	510.0	188.0	112.0	281.0	146.0	160.0	65.0	165.0	41.0	56.0	208.0	95.0	124.0	129.0
k__Bacteria	p__Firmicutes	c__Clostridia	o__Clostridiales	f__Ruminococcaceae	g__Anaerotruncus	g__Anaerotruncus_s	0.0	0.0	0.0	0.0	0.0	0.0	0.0	0.0	0.0	0.0	0.0	0.0	0.0	0.0	0.0	0.0	0.0	0.0	0.0	0.0	0.0	0.0	0.0	0.0	0.0	0.0	0.0	0.0	0.0	0.0	0.0	0.0	0.0	0.0	0.0	0.0	0.0	0.0	0.0	0.0	3.0	6.0	4.0	2.0	0.0	0.0	1.0	3.0	3.0	1.0	1.0	0.0	0.0	0.0	0.0	0.0	0.0	0.0	0.0	0.0	0.0	0.0
k__Bacteria	p__Firmicutes	c__Clostridia	o__Clostridiales	f__Ruminococcaceae	g__Oscillibacter	g__Oscillibacter_s	27.0	11.0	10.0	35.0	22.0	20.0	1.0	2.0	53.0	61.0	157.0	80.0	76.0	289.0	3.0	111.0	52.0	106.0	44.0	10.0	37.0	39.0	104.0	32.0	4.0	52.0	20.0	10.0	21.0	20.0	5.0	2.0	1.0	4.0	25.0	38.0	0.0	5.0	18.0	48.0	94.0	4.0	46.0	123.0	233.0	114.0	76.0	211.0	171.0	57.0	51.0	350.0	36.0	193.0	49.0	81.0	39.0	96.0	419.0	378.0	150.0	89.0
k__Bacteria	p__Firmicutes	c__Clostridia	o__Clostridiales	f__Ruminococcaceae	g__Oscillospira	g__Oscillospira_s	202.0	68.0	19.0	91.0	62.0	87.0	100.0	87.0	267.0	585.0	383.0	296.0	459.0	363.0	78.0	211.0	497.0	292.0	307.0	211.0	51.0	169.0	282.0	101.0	46.0	343.0	71.0	63.0	336.0	58.0	244.0	14.0	24.0	85.0	121.0	142.0	0.0	183.0	153.0	302.0	501.0	69.0	193.0	309.0	664.0	251.0	346.0	331.0	259.0	159.0	132.0	303.0	93.0	321.0	93.0	183.0	105.0	89.0	198.0	362.0	271.0	244.0
k__Bacteria	p__Firmicutes	c__Clostridia	o__Clostridiales	f__Ruminococcaceae	g__Ruminococcus	g__Ruminococcus_s	95.0	150.0	18.0	182.0	68.0	24.0	98.0	11.0	34.0	92.0	62.0	60.0	63.0	65.0	77.0	38.0	75.0	66.0	62.0	30.0	15.0	20.0	56.0	34.0	71.0	63.0	49.0	51.0	90.0	129.0	35.0	53.0	44.0	9.0	30.0	188.0	4.0	199.0	59.0	140.0	61.0	9.0	42.0	69.0	62.0	55.0	68.0	65.0	71.0	20.0	19.0	66.0	23.0	75.0	229.0	108.0	57.0	97.0	19.0	69.0	64.0	65.0
k__Bacteria	p__Firmicutes	c__Clostridia	o__Clostridiales	f__[Mogibacteriaceae]	f__[Mogibacteriaceae]_g_	f__[Mogibacteriaceae]_g_s	0.0	0.0	10.0	1.0	2.0	0.0	0.0	0.0	0.0	2.0	1.0	1.0	4.0	0.0	0.0	0.0	1.0	1.0	0.0	0.0	0.0	3.0	2.0	1.0	0.0	1.0	0.0	0.0	0.0	0.0	0.0	0.0	0.0	3.0	1.0	4.0	1.0	2.0	4.0	9.0	1.0	1.0	0.0	3.0	1.0	0.0	0.0	0.0	1.0	0.0	2.0	3.0	2.0	1.0	1.0	4.0	0.0	3.0	0.0	2.0	3.0	0.0
k__Bacteria	p__Firmicutes	c__Clostridia	o__Clostridiales	f__[Mogibacteriaceae]	g__Anaerovorax	g__Anaerovorax_s	0.0	0.0	0.0	0.0	0.0	0.0	0.0	0.0	0.0	0.0	0.0	0.0	0.0	0.0	0.0	0.0	0.0	0.0	0.0	0.0	0.0	0.0	0.0	0.0	0.0	0.0	0.0	0.0	0.0	0.0	0.0	0.0	0.0	0.0	0.0	0.0	0.0	0.0	0.0	0.0	0.0	0.0	0.0	0.0	2.0	0.0	0.0	0.0	0.0	0.0	0.0	0.0	0.0	0.0	0.0	0.0	1.0	0.0	7.0	3.0	1.0	0.0
k__Bacteria	p__Firmicutes	c__Erysipelotrichi	o__Erysipelotrichales	f__Erysipelotrichaceae	f__Erysipelotrichaceae_g_	f__Erysipelotrichaceae_g_s	11.0	5.0	21.0	5.0	8.0	1.0	24.0	1.0	1.0	5.0	12.0	3.0	24.0	15.0	4.0	0.0	1.0	11.0	6.0	3.0	4.0	8.0	7.0	7.0	2.0	3.0	2.0	1.0	5.0	4.0	4.0	3.0	5.0	0.0	2.0	17.0	0.0	1.0	4.0	5.0	4.0	0.0	9.0	0.0	7.0	0.0	0.0	1.0	0.0	3.0	2.0	3.0	18.0	8.0	32.0	9.0	7.0	71.0	169.0	7.0	12.0	14.0
k__Bacteria	p__Firmicutes	c__Erysipelotrichi	o__Erysipelotrichales	f__Erysipelotrichaceae	g__Allobaculum	g__Allobaculum_s	0.0	0.0	12.0	0.0	0.0	0.0	0.0	2.0	0.0	0.0	0.0	6.0	0.0	56.0	0.0	4.0	1.0	0.0	1.0	1.0	0.0	0.0	3.0	1.0	4.0	0.0	6.0	2.0	0.0	5.0	0.0	0.0	0.0	8.0	2.0	0.0	4.0	42.0	3.0	2.0	7.0	78.0	154.0	20.0	0.0	57.0	6.0	45.0	63.0	90.0	133.0	0.0	0.0	0.0	108.0	1.0	0.0	300.0	0.0	4.0	94.0	33.0
k__Bacteria	p__Firmicutes	c__Erysipelotrichi	o__Erysipelotrichales	f__Erysipelotrichaceae	g__Coprobacillus	g__Coprobacillus_s	9.0	5.0	1.0	1.0	3.0	0.0	1.0	4.0	0.0	0.0	0.0	26.0	0.0	0.0	1.0	0.0	0.0	0.0	1.0	3.0	3.0	3.0	0.0	0.0	9.0	0.0	0.0	1.0	0.0	7.0	0.0	0.0	1.0	0.0	0.0	1.0	0.0	0.0	7.0	0.0	3.0	0.0	2.0	0.0	5.0	0.0	0.0	0.0	0.0	0.0	0.0	2.0	0.0	0.0	0.0	0.0	9.0	0.0	0.0	0.0	0.0	0.0
k__Bacteria	p__Proteobacteria	c__Alphaproteobacteria	o__Rickettsiales	f__mitochondria	f__mitochondria_g_	f__mitochondria_g_s	0.0	1.0	0.0	0.0	0.0	1.0	2.0	0.0	0.0	0.0	0.0	0.0	0.0	0.0	0.0	0.0	0.0	0.0	0.0	0.0	0.0	2.0	0.0	0.0	0.0	0.0	0.0	0.0	0.0	0.0	0.0	0.0	0.0	0.0	0.0	1.0	0.0	0.0	1.0	1.0	0.0	0.0	0.0	0.0	0.0	0.0	0.0	0.0	0.0	0.0	0.0	0.0	0.0	0.0	0.0	5.0	0.0	0.0	0.0	0.0	0.0	0.0
k__Bacteria	p__Proteobacteria	c__Betaproteobacteria	o__Burkholderiales	f__Comamonadaceae	g__Delftia	g__Delftia_s	5.0	0.0	1.0	1.0	0.0	5.0	2.0	4.0	1.0	5.0	1.0	1.0	2.0	4.0	4.0	3.0	1.0	1.0	3.0	0.0	3.0	3.0	1.0	5.0	2.0	2.0	4.0	2.0	2.0	1.0	3.0	2.0	0.0	2.0	1.0	8.0	5.0	2.0	1.0	2.0	2.0	9.0	7.0	8.0	2.0	6.0	4.0	12.0	5.0	7.0	4.0	6.0	9.0	10.0	14.0	7.0	6.0	12.0	6.0	8.0	13.0	7.0
k__Bacteria	p__TM7	c__TM7-3	o__CW040	f__F16	f__F16_g_	f__F16_g_s	0.0	0.0	0.0	0.0	0.0	0.0	0.0	0.0	0.0	0.0	0.0	0.0	0.0	60.0	0.0	0.0	0.0	0.0	0.0	0.0	0.0	0.0	0.0	0.0	0.0	0.0	0.0	0.0	0.0	0.0	0.0	0.0	0.0	0.0	0.0	0.0	0.0	0.0	0.0	0.0	0.0	0.0	0.0	0.0	0.0	0.0	0.0	0.0	0.0	0.0	0.0	0.0	0.0	0.0	0.0	0.0	0.0	0.0	0.0	0.0	0.0	0.0
k__Bacteria	p__Tenericutes	c__Mollicutes	o__Anaeroplasmatales	f__Anaeroplasmataceae	g__Anaeroplasma	g__Anaeroplasma_s	20.0	30.0	0.0	20.0	17.0	9.0	8.0	29.0	18.0	3.0	0.0	4.0	0.0	0.0	24.0	47.0	0.0	20.0	3.0	26.0	10.0	26.0	1.0	2.0	2.0	1.0	23.0	19.0	2.0	2.0	6.0	2.0	3.0	8.0	41.0	12.0	1.0	59.0	21.0	2.0	1.0	0.0	0.0	0.0	7.0	0.0	0.0	0.0	0.0	0.0	0.0	0.0	2.0	0.0	1.0	8.0	24.0	0.0	0.0	0.0	0.0	7.0
k__Bacteria	p__Verrucomicrobia	c__Verrucomicrobiae	o__Verrucomicrobiales	f__Verrucomicrobiaceae	g__Akkermansia	s__muciniphila	0.0	1.0	3.0	380.0	294.0	2.0	668.0	170.0	29.0	0.0	0.0	609.0	366.0	1.0	330.0	5.0	31.0	100.0	31.0	58.0	0.0	0.0	0.0	0.0	401.0	150.0	47.0	108.0	1.0	245.0	45.0	5.0	139.0	0.0	0.0	0.0	0.0	0.0	93.0	0.0	0.0	14.0	0.0	203.0	374.0	24.0	0.0	2.0	203.0	48.0	204.0	433.0	323.0	438.0	103.0	1.0	268.0	160.0	967.0	10.0	9.0	68.0
