2	3	4	5	6	7	8	9	10	11	12	13	14	15	16	17	18	19	20	21	22	23	24	25	26	27	28	29	30
2	34.7136342	42.41291257	46.93636976	50.12041245	52.56413586	54.53916398	56.19160354	57.6089598	58.84770168	59.9463368	60.93226677	61.82566308	62.64179179	63.39247597	64.08705252	64.73301927	65.33648518	65.90249112	66.43524354	66.93828772	67.41463849	67.86688029	68.29724477	68.70767177	69.09985772	69.47529439	69.83530032	70.18104647
3	18.27675629	23.70372233	27.66839493	30.92111572	33.65335379	35.96128796	37.93053055	39.6336552	41.12686993	42.45227457	43.64135469	44.7179325	45.70032211	46.60283883	47.43685072	48.21151747	48.93431708	49.61142731	50.24800637	50.84840271	51.41631407	51.95490966	52.4669252	52.95473771	53.42042486	53.8658128	54.29251471	54.7019623
4	12.18348599	14.98291529	16.82168616	18.18958844	19.27306985	20.16571943	20.92172849	21.57539941	22.14981115	22.66120186	23.12139921	23.53926274	23.92158514	24.27367885	24.5997706	24.90327431	25.18698426	25.45321475	25.70390294	25.94068577	26.16495842	26.37791932	26.58060515	26.77391854	26.95865	27.13549568	27.30507168	27.46792577
5	9.71398763	11.67149757	12.96211268	13.93127641	14.70736408	15.35395007	15.90750296	16.39097155	16.81976092	17.20472085	17.55378279	17.87292019	18.16674333	18.4388833	18.69225069	18.92921329	19.15172263	19.3614056	19.5596323	19.74756706	19.92620742	20.09641431	20.25893577	20.41442571	20.56345897	20.70654347	20.84413017	20.97662119
6	8.42698082	9.959519173	10.96507604	11.71908822	12.32245953	12.82485286	13.25468216	13.62981099	13.96222989	14.26038694	14.53046173	14.77711184	15.0039348	15.21376679	15.40888287	15.59113543	15.76205241	15.92290853	16.07477804	16.21857443	16.35508073	16.48497312	16.60883934	16.72719336	16.84048711	16.94912003	17.05344682	17.15378378
7	7.647900805	8.930400195	9.767909703	10.39526594	10.89745196	11.31600461	11.67458237	11.98801254	12.26622424	12.51620015	12.74304013	12.95058305	13.14179081	13.31899635	13.48406958	13.63853208	13.78363825	13.92043422	14.04980139	14.17248909	14.28913966	14.4003078	14.50647572	14.60806521	14.70544729	14.79894998	14.8888647	14.97545148
8	7.129484045	8.249500248	8.977466182	9.521925757	9.957573643	10.3206872	10.63184221	10.90389693	11.14544451	11.36252058	11.55952981	11.73978648	11.9058476	12.05972757	12.20304169	12.33710506	12.46300262	12.58163991	12.69378051	12.80007423	12.90107861	12.9972756	13.08908458	13.17687276	13.26096348	13.34164289	13.41916543	13.49375838
9	6.761231417	7.768013092	8.419423745	8.905762603	9.294624801	9.618668868	9.896353278	10.13918517	10.35484225	10.54871064	10.72471793	10.88581786	11.03428868	11.17192428	11.30016333	11.42017691	11.53293111	11.63923221	11.73976007	11.83509323	11.92572806	12.01209359	12.09456313	12.17346352	12.24908247	12.32167461	12.39146632	12.45865973
10	6.48684742	7.410580838	8.005723864	8.449236654	8.803546538	9.098681412	9.35156017	9.572706324	9.769129482	9.945740786	10.10611795	10.25294951	10.38830772	10.51382391	10.63080549	10.74031643	10.84323422	10.94029105	11.03210436	11.11919897	11.20202555	11.28097346	11.35638146	11.42854608	11.49772839	11.56415937	11.62804434	11.68956678
11	6.274836356	7.135252516	7.687425288	8.09816437	8.425978965	8.698904807	8.932694734	9.137126653	9.318703105	9.481974229	9.630251418	9.766021062	9.891198336	10.0072901	10.11550347	10.21682046	10.3120507	10.40186962	10.48684651	10.56746566	10.64414247	10.71723593	10.78705834	10.85388312	10.91795092	10.97947473	11.0386441	11.09562772
12	6.106278896	6.916930487	7.435286959	7.82018879	8.127079324	8.382437528	8.601105411	8.792278426	8.962062865	9.114726633	9.253372811	9.380329594	9.497389185	9.605960965	9.707173475	9.801944491	9.891030485	9.975062361	10.0545718	10.13001103	10.20176792	10.2701776	10.33553165	10.39808528	10.45806318	10.51566413	10.57106491	10.62442335
13	5.969157445	6.739727939	7.230820352	7.594860761	7.884832047	8.125964945	8.332372112	8.512782533	8.672985125	8.817021681	8.947828328	9.067606425	9.17804953	9.280488787	9.375989651	9.465418288	9.549488422	9.628795159	9.703839906	9.775049073	9.842788317	9.907373562	9.969079624	10.02814704	10.08478755	10.13918849	10.19151643	10.24192011
14	5.855486352	6.593120448	7.061791195	7.40865446	7.684676288	7.914067123	8.110342336	8.281849638	8.434118415	8.5710055	8.69531041	8.809130663	8.914079012	9.011422479	9.102174774	9.187159705	9.267055886	9.342428999	9.41375555	9.481440692	9.545831792	9.607228928	9.665893094	9.722052708	9.775908811	9.827639271	9.877402212	9.925338828
15	5.759759774	6.469871405	6.919794447	7.252280437	7.516614155	7.736155421	7.923923397	8.087948589	8.233543926	8.364412521	8.483240159	8.592037878	8.6923511	8.785393388	8.872135288	8.953365257	9.029732588	9.101778372	9.169958296	9.234659727	9.296214724	9.354910087	9.410995232	9.464688408	9.516181686	9.56564498	9.613229328	9.659069585
16	5.678062258	6.36484699	6.798872601	7.119156601	7.373561288	7.58472783	7.76525595	7.922907834	8.062814571	8.188549411	8.302701556	8.407209201	8.50356087	8.592924929	8.676235417	8.754250877	8.827595784	8.896790405	8.962272789	9.02441523	9.083536803	9.139913052	9.193783563	9.245357958	9.29482069	9.342334918	9.388045658	9.432082379
17	5.60753535	6.274307447	6.694689238	7.004493335	7.25036335	7.454325386	7.628620398	7.780781417	7.915783635	8.037088845	8.147204632	8.248006768	8.340934621	8.427118092	8.507459978	8.582693214	8.653421013	8.72014581	8.783290538	8.843214569	8.900225851	8.95459027	9.006538981	9.056274202	9.103973849	9.14979528	9.193878343	9.236347878
18	5.546044713	6.195465904	6.604015149	6.904724953	7.143183485	7.340884677	7.509759239	7.657142107	7.787873724	7.905319834	8.011917029	8.10948678	8.199426851	8.282833495	8.360582779	8.433384967	8.501825115	8.566390217	8.627490121	8.685473014	8.740637202	8.793240207	8.843505879	8.891630019	8.937784874	8.982122774	9.024779082	9.065874625
19	5.491964967	6.126204199	6.524397604	6.817143877	7.049108465	7.24132045	7.40543969	7.548628232	7.675608943	7.789663758	7.893167325	7.987893982	8.07520477	8.156166756	8.231632123	8.302292309	8.368716077	8.431376938	8.490673623	8.546943972	8.600478126	8.651526298	8.700305948	8.747007264	8.791797536	8.834824693	8.876220174	8.916101291
20	5.444038003	6.064884219	6.453941095	6.739658176	6.965887664	7.153249183	7.313164139	7.452642418	7.576303423	7.68735535	7.788118345	7.880325276	7.965304868	8.044098502	8.117537602	8.186296577	8.250930049	8.311899657	8.369593749	8.424342124	8.476427239	8.526092861	8.573551106	8.618986679	8.66256275	8.704423364	8.744696498	8.783496364
21	5.401273507	6.010220286	6.391157969	6.670626655	6.891755534	7.074801089	7.230973221	7.367146898	7.4878498	7.596224756	7.694543602	7.784502446	7.867401366	7.944258974	8.015888284	8.082948607	8.145982025	8.205439644	8.261700881	8.315087894	8.365876552	8.4143049	8.460579769	8.504882004	8.547370642	8.58818628	8.627453819	8.665284717
22	5.3628826	5.961188517	6.334865501	6.60874385	6.82530808	7.004489288	7.157308773	7.290521069	7.408572	7.514546065	7.610671992	7.698613087	7.779643867	7.854762624	7.924765944	7.99029966	8.051894661	8.109992651	8.16496507	8.217127254	8.266749188	8.314063805	8.359273473	8.402555108	8.444064277	8.483938496	8.522299915	8.559257526
23	5.328228913	5.916964314	6.284110589	6.552959616	6.765414871	6.941116917	7.090916516	7.221460327	7.337120678	7.440929709	7.535077453	7.621197771	7.700542237	7.7740909	7.842625598	7.906780067	7.967075143	8.023944088	8.077751179	8.128805624	8.177372121	8.223679015	8.267924657	8.310282437	8.350904804	8.3899265	8.427467204	8.463633695
24	5.296793518	5.876876065	6.238117655	6.502418321	6.711156798	6.883709675	7.030775673	7.158902887	7.272397576	7.374244621	7.466599132	7.5510684	7.628883291	7.701007394	7.768209234	7.831111629	7.890226342	7.945979012	7.998727453	8.048775336	8.096382589	8.141773409	8.185142524	8.226660137	8.266475878	8.304721987	8.341515909	8.376962419
25	5.268149093	5.840371328	6.196249021	6.456417	6.661777398	6.831467638	6.976046974	7.101975992	7.213499908	7.313560989	7.404282672	7.487248153	7.563669519	7.63449543	7.700482342	7.762243167	7.820281442	7.87501589	7.926798462	7.975927808	8.022659526	8.067214052	8.109782825	8.150533155	8.189612114	8.227149672	8.263261245	8.29804979
26	5.241940597	5.80699159	6.157975649	6.414372561	6.616649682	6.783726363	6.926035166	7.049955557	7.159678526	7.258107541	7.347336393	7.428926662	7.504073335	7.57371147	7.638586529	7.699302403	7.756355131	7.810157141	7.861055037	7.909342899	7.955272377	7.99906048	8.040895649	8.080942559	8.119345951	8.156233724	8.191719443	8.225904411
27	5.21787064	5.776353164	6.122855014	6.375797352	6.575249324	6.739930642	6.88015792	7.002236774	7.110308041	7.207238973	7.295098149	7.375426116	7.449402481	7.517949866	7.581803678	7.641559555	7.697706681	7.750651722	7.800736397	7.848250599	7.89344237	7.936525583	7.977685937	8.017085695	8.054867464	8.091157248	8.126066921	8.159696267
28	5.195688259	5.748132554	6.090514155	6.34028045	6.537134533	6.699612672	6.837924973	6.958309227	7.064860217	7.160412402	7.247009755	7.326175013	7.399073529	7.466615873	7.529528496	7.588399463	7.643711665	7.695866479	7.745201134	7.792001685	7.836512859	7.878945649	7.919483235	7.958285665	7.995493589	8.031231269	8.065609025	8.098725248
29	5.175180209	5.722055124	6.060636555	6.307473184	6.501930472	6.662375558	6.798920371	6.917740196	7.022887384	7.11716618	7.202598236	7.280689315	7.352591166	7.419204478	7.48124692	7.539299997	7.593840058	7.645263944	7.693904752	7.740044995	7.783926349	7.825757152	7.865718265	7.903967695	7.940644287	7.975870697	8.009755816	8.042396748
30	5.15616415	5.697886089	6.032951876	6.2770778	6.469317072	6.627880401	6.762788937	6.880160184	6.984007265	7.077106499	7.161458915	7.238554584	7.30953303	7.375285225	7.43652098	7.493814933	7.547638819	7.598384642	7.646382077	7.691909638	7.735206514	7.776478593	7.81590459	7.853640626	7.889823876	7.924575516	7.958003109	7.990202575
31	5.138483129	5.675424143	6.00722767	6.248838518	6.439019402	6.595836106	6.7292256	6.845251807	6.947891487	7.039895073	7.123244473	7.199415218	7.269535502	7.334487288	7.394973104	7.451561614	7.504719586	7.554834851	7.602233145	7.647190679	7.689943691	7.730695796	7.769624115	7.806882286	7.842606282	7.876915902	7.909917485	7.941705848
32	5.122001821	5.654494738	5.983263754	6.222534404	6.410800002	6.565991263	6.697966875	6.812740947	6.914256435	7.005239709	7.087654909	7.162964048	7.232284791	7.29649073	7.356277624	7.412208585	7.464745765	7.514273118	7.561113087	7.605539069	7.647784869	7.68805199	7.726515312	7.763327582	7.798622991	7.83252006	7.865123987	7.896528943
33	5.106602124	5.634946528	5.960885539	6.197973533	6.384452727	6.53812762	6.66878403	6.782389638	6.882855892	6.972886741	7.054429764	7.128934381	7.197508446	7.261017752	7.320151752	7.375468382	7.427425496	7.476403435	7.522721576	7.566650689	7.608422317	7.648235992	7.686264875	7.722660196	7.757554807	7.79106604	7.823298026	7.854343608
34	5.092181106	5.616647415	5.939941041	6.174988859	6.359797617	6.512054803	6.641477554	6.753990312	6.853475091	6.942614893	7.023341833	7.097093567	7.164968785	7.227825996	7.286348765	7.341090194	7.392504122	7.440967516	7.486796889	7.530260561	7.571587958	7.610976774	7.648598562	7.684603138	7.719122102	7.752271672	7.784154989	7.814864002
35	5.078648472	5.599481598	5.920297052	6.153433538	6.336677481	6.487605862	6.615872645	6.727361106	6.825925855	6.914230286	6.994192034	7.067237745	7.13445753	7.196703081	7.254652449	7.308854216	7.359758459	7.407738989	7.453109637	7.49613643	7.537046812	7.576036759	7.613276316	7.648913977	7.683080169	7.71589007	7.74744589	7.777838745
36	5.065924689	5.583347041	5.901836334	6.133178572	6.314953413	6.464634441	6.591815358	6.702342012	6.800042623	6.887562335	6.966805201	7.039187538	7.105791412	7.16746212	7.22487254	7.278567013	7.328992092	7.376518624	7.421457927	7.464073874	7.504592054	7.543206827	7.580086829	7.615379308	7.649213595	7.68170389	7.712951531	7.743046851
37	5.053939432	5.568153937	5.884455205	6.114109996	6.294502984	6.443010611	6.569170232	6.678791568	6.77567891	6.862460357	6.9410266	7.012784491	7.078808533	7.139938012	7.196840948	7.250057693	7.300031489	7.347130396	7.391663373	7.433892269	7.474040927	7.512302191	7.548843369	7.583810542	7.617332009	7.64952105	7.680478185	7.710293012
38	5.042630044	5.553822258	5.868062107	6.096126482	6.275217637	6.422619474	6.54781654	6.656584809	6.752705686	6.838790583	6.916719046	6.987888114	7.053365346	7.113984369	7.170408628	7.22317472	7.272722767	7.319418211	7.363567784	7.405431431	7.445231352	7.483158962	7.519380321	7.55404041	7.587266555	7.619171173	7.649854011	7.679403975
39	5.031941663	5.540280478	5.852575227	6.079138935	6.257000302	6.403358799	6.52764716	6.635610004	6.73100714	6.81643462	6.893760367	6.964373224	7.029334133	7.08947094	7.145442962	7.197783255	7.246929	7.293243165	7.337030385	7.378548808	7.418019086	7.455631286	7.491550288	7.525920038	7.558866945	7.590502611	7.620926052	7.650225523
40	5.021823942	5.527465578	5.837920996	6.063066373	6.239766198	6.38513676	6.50856647	6.615767677	6.710480352	6.795286033	6.872041928	6.942128734	7.006600773	7.06628129	7.121825336	7.173762926	7.222527943	7.268481248	7.311925492	7.353117129	7.392275343	7.429588931	7.46522166	7.499316495	7.531998979	7.563379943	7.593557718	7.622619938
41	5.0122327	5.5153205	5.824034747	6.047836865	6.223436743	6.367873332	6.490488372	6.596968752	6.691033158	6.775249864	6.851465938	6.92105437	6.985063477	7.044311733	7.09945033	7.151005818	7.199409965	7.245021197	7.28814055	7.329022408	7.367884781	7.40491526	7.440276558	7.474110715	7.506542452	7.537681874	7.567626657	7.596463856
42	5.003128179	5.503794133	5.810857546	6.033386183	6.207943682	6.351493509	6.473337383	6.579132957	6.672582785	6.756240828	6.831944821	6.901060447	6.964630335	7.023468437	7.078222289	7.129415442	7.177477173	7.222763812	7.265574359	7.306162139	7.344743639	7.381505312	7.416608871	7.45019574	7.482389383	7.513299433	7.543022954	7.571646445
43	4.994472932	5.49284043	5.798336518	6.019656079	6.193222417	6.33593235	6.457042921	6.562189075	6.655054595	6.738181552	6.813399698	6.882066186	6.945218809	7.003667226	7.058055509	7.108904358	7.156640688	7.201618842	7.244136133	7.284444442	7.322759013	7.359265212	7.394123808	7.427475129	7.459442384	7.490134327	7.519647438	7.548067689
44	4.986236027	5.4824178	5.786423913	6.006594054	6.179218835	6.321128101	6.441542712	6.546071393	6.638381561	6.721004363	6.795759204	6.863998102	6.926754359	6.984832082	7.038872583	7.08939386	7.136820581	7.1815052	7.223743429	7.263785778	7.301846304	7.338109348	7.372734777	7.405862129	7.437613909	7.468098253	7.497411079	7.525637865
45	4.978387367	5.47248858	5.775076497	5.994152583	6.165881125	6.307028933	6.426780371	6.530720821	6.622502875	6.704644879	6.778959282	6.84679177	6.909169428	6.966893892	7.020602763	7.070812687	7.117944479	7.162349463	7.204321829	7.24411078	7.281929248	7.317960595	7.352363833	7.385277744	7.41682417	7.447110651	7.476232579	7.504274955
46	4.970900155	5.463018584	5.764255036	5.982288538	6.153162979	6.293585093	6.412704476	6.516084417	6.607362127	6.689046466	6.762941362	6.830385756	6.892403023	6.949722926	7.003184442	7.053096105	7.099946515	7.144084608	7.185803116	7.225351041	7.262938617	7.298748943	7.332940214	7.365650498	7.397000999	7.427098695	7.456038473	7.483904881
47	4.963750005	5.453976709	5.753923842	5.970962694	6.141022278	6.280752013	6.399268325	6.502113433	6.592910266	6.674157532	6.747651305	6.814725815	6.876399756	6.93346616	6.986557883	7.036185493	7.082767493	7.126651169	7.16812785	7.207444302	7.244811354	7.280410539	7.314399277	7.34691495	7.378078158	7.407995344	7.436761915	7.464460237
48	4.956914673	5.445334598	5.74405038	5.960139298	6.129420633	6.268489068	6.386429354	6.488763588	6.579101062	6.659930789	6.733041689	6.799762554	6.861107279	6.917866985	6.970670754	7.020027713	7.06635282	7.109992966	7.151238145	7.190333976	7.227490303	7.262887801	7.29668314	7.328785906	7.359997523	7.389742507	7.418341939	7.445879526
49	4.950373831	5.437066063	5.734604617	5.949785691	6.118322983	6.256759159	6.37414869	6.47599444	6.565892666	6.646323114	6.719067865	6.785450516	6.846480914	6.902946966	6.955475152	7.00457175	7.050651686	7.094059229	7.135083147	7.173968004	7.21092352	7.246127774	7.279737795	7.311889674	7.342702872	7.372282816	7.40072301	7.428106761
50	4.944108862	5.429147842	5.72555985	5.939871632	6.107697238	6.245528332	6.362390759	6.46376898	6.553246782	6.633295043	6.705689304	6.771748189	6.832477673	6.888662586	6.940926924	6.989774924	7.035619817	7.078804449	7.119616379	7.158299137	7.195060757	7.230080343	7.263513185	7.295494789	7.326144097	7.355566075	7.383853811	7.411090243
51	4.938102685	5.42155798	5.716890913	5.930370263	6.097513598	6.23476518	6.351122943	6.452053276	6.541128299	6.620810396	6.692868846	6.758617508	6.819058654	6.874974167	6.926985661	6.97559542	7.021215053	7.064186043	7.104794791	7.143283837	7.17986036	7.214702722	7.247965562	7.279783815	7.310275918	7.339546385	7.367687905	7.394783054
52	4.932339601	5.414276484	5.708574881	5.921256164	6.087745623	6.224441514	6.340314965	6.440816161	6.529504964	6.608835939	6.680572356	6.746023515	6.80618813	6.861845263	6.913614247	6.961995492	7.007399053	7.050165106	7.090578943	7.128882155	7.165281103	7.199953435	7.233053168	7.26471469	7.295055952	7.324181038	7.352182252	7.379141823
53	4.926805154	5.40728495	5.700590657	5.912506158	6.078368182	6.21453084	6.329939727	6.430028572	6.518346795	6.597341092	6.66876843	6.733934038	6.793833224	6.849242339	6.900778528	6.948940406	6.994136535	7.036705838	7.076932544	7.115057333	7.151285779	7.185794849	7.218737962	7.250248981	7.28044539	7.309430862	7.33729733	7.364126693
54	4.921486011	5.40056641	5.692918789	5.904098877	6.069358342	6.205008895	6.31997161	6.419664651	6.507626887	6.586297266	6.657427773	6.722319129	6.781963634	6.837134486	6.888447027	6.936398148	6.98139498	7.023775243	7.063822143	7.101775487	7.137840095	7.172192278	7.204984881	7.236351262	7.26640846	7.295259751	7.322996712	7.349700926
55	4.916369856	5.394105193	5.685541315	5.896014595	6.060694929	6.195853277	6.310387147	6.40969974	6.497319789	6.57567904	6.646524162	6.711151836	6.770550956	6.825492778	6.876590326	6.924338836	6.969144064	7.011342573	7.051216591	7.089005339	7.124912391	7.159113697	7.191761551	7.222988828	7.252912136	7.281634369	7.309246766	7.335830602
56	4.911445294	5.387886804	5.678441625	5.888235066	6.052358362	6.187043272	6.301164636	6.400111265	6.487402145	6.565462092	6.636032664	6.700406661	6.75956995	6.814291387	6.865182052	6.912735591	6.957356435	6.999380036	7.039087679	7.076717522	7.112472965	7.146529082	7.17903764	7.210131045	7.239925495	7.268523516	7.296016021	7.322483991
57	4.906701767	5.381897817	5.671604332	5.880743395	6.044330508	6.178559697	6.292283981	6.390878321	6.477852322	6.555624131	6.625930389	6.690060155	6.748996389	6.803505633	6.854197102	6.901562905	6.946006203	6.987861377	7.027408804	7.064885865	7.10049529	7.134411571	7.166785963	7.197750424	7.227420757	7.255899135	7.283276153	7.309632512
58	4.902129201	5.376125774	5.665015165	5.873523909	6.036594549	6.170384759	6.283726543	6.381981521	6.46865026	6.546144487	6.616196104	6.680090572	6.738808048	6.793112847	6.843612384	6.890797295	6.935069512	6.976762388	7.016155425	7.053485255	7.088953963	7.122735479	7.154980568	7.185820757	7.215371464	7.243734524	7.271000229	7.297249008
59	4.897718991	5.370559107	5.658660869	5.866562054	6.029134865	6.162501937	6.275475014	6.373402859	6.45977733	6.537003962	6.606810093	6.670477716	6.728984286	6.783091972	6.833406457	6.880416953	6.92452421	6.96606059	7.005304751	7.042492606	7.077825615	7.11147717	7.143597561	7.174317899	7.203753235	7.232005075	7.25916342	7.285308436
60	4.893462442	5.365187051	5.652529116	5.859844292	6.02193693	6.154895864	6.267513298	6.365125592	6.451216206	6.528184704	6.597754022	6.661202807	6.719505909	6.77342343	6.823559379	6.870401597	6.914349695	6.955735076	6.994835588	7.031886448	7.067088515	7.10061466	7.132614718	7.163219397	7.192543395	7.2206879	7.247742631	7.273787502
61	4.889351662	5.359999583	5.646608424	5.853358019	6.01498722	6.147552234	6.259826408	6.357134131	6.442950758	6.519670092	6.589010819	6.652248358	6.710355047	6.76408899	6.814052582	6.860732342	6.904526782	6.94576638	6.984728201	7.021646789	7.056722427	7.090127481	7.122011346	7.152504344	7.181720828	7.209761683	7.236716357	7.262664518
62	4.885379293	5.354987355	5.640888088	5.847091481	6.008273122	6.140457707	6.25240037	6.349413942	6.434965947	6.511444628	6.580564568	6.643598067	6.701515037	6.755071655	6.804868757	6.851391584	6.895037587	6.936136353	6.974964188	7.011754991	7.046708483	7.079996547	7.111768151	7.142153243	7.171265847	7.199206554	7.226064547	7.251919259
63	4.881538463	5.350141639	5.635358114	5.841033708	6.001782865	6.133599833	6.245222144	6.341951458	6.427247738	6.50349385	6.572400414	6.635236718	6.692970329	6.746355561	6.795991746	6.84236289	6.885865417	6.926828054	6.965526376	7.002193655	7.037029074	7.070204043	7.101867123	7.1321479	7.161160077	7.189003961	7.215768482	7.241532847
64	4.877822748	5.345454279	5.630009162	5.835174446	5.99550545	6.126966976	6.238279539	6.334734002	6.419783012	6.495804241	6.564504475	6.627150091	6.684706389	6.737925883	6.78740645	6.833630901	6.876994672	6.917825653	6.956398715	6.992946523	7.02766774	7.060733322	7.092291432	7.122471306	7.151386341	7.179136568	7.205810671	7.231487637
65	4.874226134	5.340917641	5.624832492	5.829504103	5.989430584	6.120548251	6.231561156	6.327749714	6.4125595	6.488363157	6.556863764	6.619324883	6.676709622	6.729768752	6.779098743	6.825181253	6.868410756	6.909114339	6.947566188	6.983998385	7.018609085	7.051568807	7.08302533	7.113107553	7.141928572	7.169588154	7.196174746	7.221767122
66	4.870742987	5.336524573	5.619819917	5.824013693	5.983548628	6.114333463	6.225056315	6.320987487	6.405565707	6.481158754	6.549466119	6.611748638	6.668967296	6.72187118	6.771055397	6.817000489	6.860100001	6.900680241	6.939014733	6.975334992	7.009838687	7.04269591	7.074054069	7.104041737	7.13277172	7.160343528	7.186845379	7.212355839
67	4.867368024	5.332268371	5.614963763	5.818694792	5.977850544	6.108313053	6.218755003	6.314436906	6.39879086	6.474179931	6.542300137	6.604409674	6.661467473	6.714220988	6.763264009	6.809075994	6.852049592	6.892510354	6.930731164	6.96694299	7.001343026	7.034100954	7.065363822	7.095259887	7.123901674	7.151388445	7.177808196	7.203239293
68	4.864096283	5.328142739	5.610256825	5.813539492	5.972327849	6.10247805	6.212647826	6.3080882	6.392224847	6.467416268	6.535355117	6.59729703	6.65419895	6.706806749	6.755712939	6.801395931	6.844247502	6.884592473	6.922703108	6.958809843	6.993109413	7.025771103	7.056941612	7.086748889	7.115305191	7.142709537	7.169049707	7.194403876
69	4.860923101	5.324141764	5.605692333	5.808540367	5.966972575	6.096820027	6.206725955	6.301932187	6.385858168	6.460857978	6.528621005	6.590400409	6.647151203	6.699617727	6.748391253	6.793949177	6.836682433	6.876915133	6.91491894	6.950923774	6.985125927	7.017694297	7.048775246	7.078496426	7.10696983	7.134294245	7.160557241	7.185836805
70	4.857844095	5.320259882	5.601263921	5.803690428	5.96177723	6.091331059	6.200981091	6.295960234	6.379681892	6.454495856	6.52208835	6.58371013	6.640314337	6.692643826	6.741288668	6.786725275	6.829343762	6.869467553	6.907367729	6.94327371	6.977381358	7.009859196	7.04085326	7.070490912	7.098883892	7.126130757	7.152318878	7.177526061
71	4.854855133	5.316491857	5.596965598	5.798983103	5.956734759	6.086003688	6.195405423	6.290164215	6.373687613	6.448321241	6.515748255	6.577217078	6.633679037	6.685875545	6.734395508	6.779714382	6.822221489	6.862239586	6.900039187	6.93584923	6.969865157	7.002255129	7.033164863	7.062721445	7.091036363	7.118207958	7.144323403	7.169460327
72	4.851952324	5.312832755	5.592791718	5.794412194	5.951838518	6.080830887	6.18999159	6.284536478	6.36786741	6.442325972	6.509592338	6.570912669	6.62723653	6.679303934	6.727702657	6.772907227	6.815306194	6.855221672	6.892923622	6.928640514	6.962567383	6.99487204	7.025699891	7.055177751	7.083416871	7.110515375	7.136560247	7.161628946
73	4.849131999	5.309277923	5.588736956	5.789971863	5.947082243	6.07580603	6.184732653	6.279069804	6.362213818	6.436502355	6.503612699	6.564788811	6.620978545	6.672920555	6.72120152	6.766295066	6.808588998	6.848404798	6.886011897	6.921638305	6.955478667	6.987700448	7.018448759	7.047850148	7.076015633	7.103043134	7.129019447	7.154021865
74	4.846390693	5.305822969	5.58479629	5.785656595	5.94246002	6.070922866	6.179622065	6.273757383	6.356719789	6.430843131	6.49780188	6.558837864	6.614897273	6.666717444	6.714883985	6.759869652	6.802061519	6.84178046	6.879295387	6.914833868	6.948590164	6.980731409	7.01140242	7.040729494	7.068823419	7.095781915	7.121691599	7.146629601
75	4.843725131	5.302463743	5.580964971	5.781461184	5.937966265	6.066175489	6.174653641	6.268592784	6.35137867	6.425341442	6.49215284	6.553052615	6.608985344	6.660687079	6.708742394	6.753623191	6.795715841	6.835340624	6.872765948	6.908218951	6.941893522	6.973956471	7.004552334	7.033807157	7.061831511	7.088722918	7.114567821	7.139443195
76	4.84113222	5.299196325	5.577238515	5.777380709	5.9335957	6.061558317	6.169821536	6.263569926	6.34618417	6.419990807	6.486658921	6.547426246	6.603235789	6.654822353	6.702769504	6.74754832	6.789544484	6.829077698	6.866415883	6.901785756	6.935380846	6.967367648	6.997890424	7.027074978	7.055031667	7.081857823	7.107639719	7.132454177
77	4.838609029	5.296017002	5.573612677	5.773410513	5.929343331	6.057066071	6.16512022	6.258683059	6.341130339	6.414785095	6.481313828	6.541952308	6.597642015	6.64911654	6.696958468	6.741638073	6.78354037	6.822984501	6.860237909	6.895526906	6.929044668	6.960957386	6.991409053	7.020525239	7.048416092	7.07517876	7.100899351	7.125654539
78	4.836152785	5.292922262	5.570083438	5.769546187	5.925204431	6.052693752	6.160544457	6.253926738	6.336211544	6.409718503	6.476111599	6.536624695	6.592197784	6.643563275	6.691302802	6.735885855	6.777696799	6.817054232	6.854225133	6.889435417	6.922877918	6.954718531	6.985100989	7.014150631	7.041977405	7.068678279	7.094339199	7.119037126
79	4.83376086	5.289908774	5.56664699	5.765783556	5.92117452	6.048436623	6.156089289	6.249295805	6.331422451	6.404785532	6.471046589	6.531437623	6.586897183	6.638156528	6.685796363	6.730285418	6.772007425	6.81128045	6.848371023	6.883504672	6.916873899	6.948644308	6.97895938	7.007944233	7.035709048	7.062349781	7.087952629	7.112593981
80	4.831430761	5.286973381	5.563299724	5.762118659	5.917249353	6.044290196	6.151750013	6.244785371	6.326757998	6.39998097	6.466113442	6.526385609	6.581734607	6.632890581	6.680433329	6.724830839	6.766466231	6.80565705	6.842669389	6.8777284	6.91102626	6.942728293	6.972978186	7.001899965	7.02960361	7.056185744	7.081732005	7.106318647
81	4.829160122	5.284113088	5.560038213	5.75854774	5.913424901	6.04025021	6.147522168	6.240390796	6.322213387	6.395299871	6.461307081	6.521463449	6.576704741	6.627760009	6.675208174	6.7195165	6.761067507	6.800178237	6.837114355	6.872101083	6.905329444	6.936964892	6.967150421	6.996010721	7.023655162	7.050180201	7.075671328	7.100204663
82	4.826946696	5.28132505	5.556859205	5.75506723	5.909697337	6.036312621	6.14340152	6.236107675	6.317784061	6.39073754	6.456622684	6.516666206	6.571802536	6.622759664	6.670115653	6.714337065	6.755805833	6.794838948	6.831700818	6.866616276	6.899776878	6.931347404	6.961470616	6.990270996	7.017857735	7.044327126	7.069764515	7.094245893
83	4.824788348	5.278606565	5.55375961	5.751673741	5.90606303	6.032473587	6.139384045	6.231931824	6.313465691	6.386289517	6.452055669	6.511989187	6.567023196	6.617884654	6.665150785	6.709287898	6.750676531	6.789633154	6.826422611	6.861268983	6.894363524	6.925870757	6.955933213	6.984675175	7.012205657	7.038620793	7.064005789	7.08843651
84	4.822683048	5.275955061	5.55073649	5.74836405	5.902518522	6.028729455	6.135465918	6.227859267	6.309254163	6.381951562	6.447601682	6.507427931	6.562362164	6.613130328	6.660309288	6.704363383	6.745673839	6.784556263	6.821275103	6.8560541	6.889084219	6.920529726	6.95053293	6.979217921	7.006693537	7.03305576	7.058389658	7.082770973
85	4.820628863	5.273368094	5.54778705	5.745135094	5.899060529	6.025076751	6.131643501	6.223886218	6.305145561	6.377719642	6.443256582	6.502978197	6.557815534	6.608492736	6.65558581	6.699559311	6.740793507	6.779603551	6.816253503	6.850966777	6.88393405	6.91531934	6.945264743	6.973894154	7.001316245	7.027626848	7.052910897	7.077244012
86	4.818623955	5.270843336	5.544908629	5.741983953	5.895685921	6.021512167	6.12791333	6.220009077	6.30113616	6.373589918	6.439016426	6.498636388	6.553378374	6.603966785	6.65097646	6.69487132	6.736031104	6.77477052	6.811353253	6.846002393	6.87890834	6.910234871	6.940123868	6.968699043	6.996068902	7.02232913	7.047564532	7.07185061
87	4.816666571	5.26837857	5.542098693	5.738907849	5.89239172	6.018032554	6.124272107	6.216224413	6.297222412	6.369558734	6.434877906	6.49439783	6.549047132	6.59954888	6.646477156	6.690295258	6.73138241	6.770052889	6.80657001	6.84115655	6.874002636	6.905271811	6.935105751	6.963627984	6.990946857	7.017157913	7.042345828	7.06658599
88	4.81475504	5.265971682	5.539354826	5.735904133	5.889175086	6.01463491	6.12071669	6.212528959	6.293400936	6.365623051	6.430836603	6.490259248	6.544818064	6.595235201	6.642084004	6.685827165	6.726843405	6.765446576	6.801899637	6.836425056	6.869212696	6.90042587	6.930206051	6.958676592	6.985945681	7.012108724	7.037250271	7.061445599
89	4.812887769	5.263620658	5.536674726	5.732970282	5.886033312	6.011316373	6.117244081	6.208919597	6.289668943	6.361778708	6.426889504	6.48621715	6.540687598	6.591022106	6.637793296	6.681463269	6.722410254	6.760947691	6.797338188	6.831803914	6.864534473	6.895692952	6.925420628	6.953840683	6.98106115	7.007177298	7.032273557	7.056425096
90	4.811063239	5.261323575	5.534056195	5.730103884	5.882963814	6.008074213	6.113851421	6.205393774	6.286022531	6.358022934	6.423033355	6.482268202	6.536652327	6.586906118	6.63360149	6.677199968	6.7180793	6.756552522	6.7928819	6.827289311	6.859964106	6.891069153	6.920745536	6.949116268	6.976289233	7.002359568	7.027411583	7.05152034
91	4.809279998	5.259078596	5.531497135	5.72730264	5.879964128	6.004905823	6.110535982	6.201947855	6.282459158	6.354352704	6.419265049	6.478409221	6.532709001	6.582883921	6.62950521	6.673033827	6.713847051	6.752257525	6.788527181	6.822877608	6.855497912	6.886550745	6.916177005	6.944499539	6.971626085	6.997651649	7.022660427	7.046727377
92	4.807536659	5.256883969	5.528995542	5.724564354	5.877031898	6.001808714	6.107295584	6.198579509	6.27897602	6.35076513	6.41558162	6.474637171	6.528854512	6.578952346	6.625501228	6.668961563	6.709710174	6.748059318	6.784270599	6.81856533	6.851132372	6.882134169	6.911711436	6.939986858	6.967068031	6.993049834	7.018016348	7.042042431
93	4.805831897	5.254738017	5.526549503	5.721886927	5.874164875	5.998780507	6.10412692	6.195286148	6.275570439	6.347257452	6.411980234	6.470949146	6.525085895	6.575108367	6.62158646	6.66498004	6.705665482	6.743954666	6.780108877	6.814349153	6.846864123	6.877816023	6.90734539	6.93557475	6.962611561	6.988550577	7.01347577	7.037461897
94	4.804164444	5.252639139	5.524157187	5.719268351	5.871360906	5.995819347	6.101027999	6.192065295	6.272239852	6.343827031	6.408458179	6.467342372	6.521400313	6.57134909	6.61775796	6.661086261	6.70170993	6.739940478	6.77603888	6.810225905	6.842689951	6.873593055	6.903075578	6.931259892	6.958253319	6.984150492	7.009035273	7.032982323
95	4.80253309	5.250585802	5.521816842	5.716706708	5.868617936	5.992922255	6.097996546	6.188914582	6.268981812	6.340471343	6.405012866	6.463814194	6.517795051	6.567671747	6.614012909	6.657277359	6.697840604	6.736013799	6.77205761	6.806192547	6.838606782	6.869462155	6.898898856	6.927039108	6.953990097	6.979846338	7.004691588	7.028600413
96	4.800936672	5.24857654	5.519526793	5.71420016	5.865933993	5.990087536	6.095030381	6.185831744	6.265793973	6.337187973	6.401641812	6.460362072	6.514267514	6.56407369	6.610348608	6.653550588	6.694054718	6.732171799	6.7681622	6.802246175	6.834611673	6.865420346	6.894812215	6.922909354	6.949818821	6.975635014	7.000441585	7.024313008
97	4.799374081	5.246609947	5.517285436	5.711746949	5.863307195	5.987313198	6.092127418	6.18281461	6.262674091	6.33397461	6.398342645	6.456983572	6.510815217	6.560552382	6.606762476	6.649903324	6.690349603	6.728411771	6.764349903	6.798384005	6.830701809	6.86146478	6.890812774	6.918867721	6.945736552	6.97151355	6.996282268	7.020117088
98	4.797844252	5.244684678	5.515091234	5.70934539	5.860736173	5.984597333	6.089285657	6.179861104	6.259620016	6.330829037	6.395113089	6.453676367	6.507435778	6.557105395	6.603252038	6.646333048	6.686722702	6.724731119	6.76061809	6.794603373	6.826874492	6.857592726	6.886897773	6.91491142	6.941740472	6.967479104	6.992210768	7.016009756
99	4.796346165	5.242799445	5.512942714	5.706993869	5.858218348	5.981938111	6.086503186	6.176969233	6.25662969	6.327749134	6.391950965	6.450438223	6.504126916	6.553730403	6.599814925	6.642837351	6.683171566	6.721127358	6.756964238	6.790901725	6.823127136	6.85380157	6.883064567	6.911037778	6.937827884	6.963528951	6.988224334	7.011988239
100	4.794878841	5.240953011	5.510838464	5.704690838	5.855752473	5.979333779	6.083778166	6.174137089	6.253701137	6.324732865	6.388854184	6.447267002	6.500886444	6.550425173	6.596448863	6.639413922	6.679693847	6.717598105	6.753385933	6.787276614	6.819457264	6.850088804	6.879310623	6.907244233	6.933996199	6.959660478	6.984320331	7.008049878
101	4.793441344	5.239144189	5.508777124	5.702434804	5.853336945	5.97678264	6.081108821	6.171362821	6.250832441	6.321778255	6.385820714	6.444160619	6.497712233	6.547187531	6.593151638	6.636060505	6.676287253	6.714141033	6.749880813	6.783725647	6.815862451	6.846451976	6.875633458	6.903528278	6.930242883	6.955871126	6.980496175	7.004192066
102	4.792032831	5.237371901	5.506757461	5.700224415	5.850970314	5.974283163	6.078493549	6.168644765	6.248021881	6.318883532	6.382848739	6.441117217	6.494602383	6.544015544	6.589921279	6.632775098	6.672949751	6.71075408	6.746446789	6.780246707	6.812340557	6.84288892	6.872030885	6.899887703	6.926565705	6.952158644	6.976749594	7.000412512
103	4.790652386	5.235635004	5.504778174	5.698058675	5.848651055	5.971833738	6.075930663	6.165981168	6.245267646	6.31604683	6.379936342	6.438134831	6.491554888	6.540907161	6.586755701	6.629555579	6.669679185	6.707435058	6.743081642	6.776837548	6.808889306	6.839397334	6.868500575	6.896320154	6.922962288	6.94852063	6.973078167	6.996708773
104	4.789299177	5.233932448	5.502838064	5.695935437	5.846377762	5.969432877	6.073418607	6.163370411	6.242568059	6.313266422	6.377081748	6.435211645	6.488567892	6.537860492	6.583652975	6.626399987	6.666473563	6.704181944	6.739783322	6.773496091	6.805506596	6.835975091	6.865040378	6.892823458	6.919430437	6.94495487	6.969479657	6.993078592
105	4.787972408	5.232263224	5.500935978	5.693853845	5.84414908	5.96707915	6.070955883	6.160810937	6.239921511	6.31054065	6.374283257	6.432345916	6.485639611	6.534873716	6.580611249	6.623306438	6.663330971	6.700992796	6.73654986	6.770220342	6.802190406	6.832620147	6.861648228	6.889395527	6.915968043	6.941459234	6.965951914	6.989519802
106	4.786671311	5.230626363	5.499070812	5.691812685	5.841963711	5.964771184	6.068541053	6.158301251	6.237326455	6.30786792	6.371539229	6.429535966	6.482768333	6.531945086	6.577628743	6.620273122	6.66024957	6.697865748	6.733379362	6.767008383	6.798938795	6.829330538	6.858322138	6.886034353	6.912573078	6.938031676	6.962492875	6.986030319
107	4.785395148	5.229020934	5.497241499	5.689810791	5.839820403	5.962507656	6.066172734	6.155839915	6.234781403	6.3052467	6.368848093	6.426780183	6.479952411	6.529072922	6.574703746	6.617298297	6.65722759	6.694799005	6.730270008	6.763858369	6.795749895	6.826104374	6.855060198	6.882738008	6.909243594	6.934670226	6.959100552	6.98260814
108	4.784143209	5.22744604	5.495447017	5.687847042	5.837717956	5.960287297	6.063849595	6.153425545	6.232284925	6.302675515	6.366208334	6.424077018	6.477190259	6.526255607	6.57183461	6.614380289	6.65426333	6.691790839	6.727220049	6.760768528	6.792621913	6.822939841	6.851860573	6.879504635	6.905977716	6.931372994	6.955773036	6.979251339
109	4.782914811	5.225900818	5.493686381	5.685920357	5.835655211	5.958108884	6.061570357	6.15105681	6.229835644	6.300152947	6.363618495	6.421424978	6.474480353	6.523491586	6.569019752	6.611517487	6.651355154	6.68883959	6.724227799	6.757737153	6.78955312	6.819835189	6.848721495	6.876332449	6.902773639	6.928138157	6.952508489	6.975958061
110	4.781709296	5.224384437	5.491958641	5.684029698	5.833631056	5.955971239	6.059333787	6.14873243	6.227432234	6.297677631	6.361077174	6.418822628	6.471821226	6.520779361	6.566257648	6.608708339	6.648501486	6.685943659	6.721291636	6.754762601	6.786541852	6.816788737	6.845641262	6.873219729	6.899629628	6.924963963	6.949305142	6.972726522
111	4.780526031	5.222896098	5.490262885	5.682174064	5.831644416	5.953873229	6.057138699	6.14645117	6.225073419	6.295248252	6.358583022	6.416268584	6.469211463	6.518117492	6.563546828	6.605951353	6.645700808	6.683101505	6.718410001	6.75184329	6.783586509	6.813798864	6.842618237	6.870164822	6.896544011	6.921848724	6.946161292	6.969555003
112	4.779364406	5.22143503	5.488598233	5.68035249	5.829694261	5.951813762	6.054983949	6.144211843	6.222757971	6.292863543	6.356134737	6.413761514	6.466649705	6.515504589	6.560885878	6.603245089	6.64295166	6.680311645	6.715581389	6.748977697	6.780685549	6.81086401	6.839650842	6.867166131	6.893515177	6.918790813	6.943075297	6.966441848
113	4.778223832	5.22000049	5.486964252	5.678564048	5.827779593	5.949791787	6.052868437	6.142013302	6.220484704	6.290522285	6.353731067	6.411300136	6.464134639	6.512939314	6.558273436	6.600588162	6.640252632	6.677572651	6.71280435	6.746164354	6.777837484	6.80798267	6.836737556	6.864222122	6.890541573	6.915788664	6.940045576	6.963385464
114	4.777103742	5.218591763	5.485359312	5.676807843	5.825899454	5.947806288	6.0507911	6.139854445	6.218252477	6.2882233	6.351370804	6.408883212	6.461665001	6.510420378	6.555708187	6.597979235	6.637602368	6.674883145	6.710077488	6.743401845	6.775040883	6.805153397	6.833876914	6.861331312	6.887621706	6.912840767	6.937070606	6.960384312
115	4.77600359	5.217208158	5.483783023	5.675083009	5.824052917	5.945856289	6.048750915	6.137734207	6.216060189	6.285965456	6.349052783	6.406509548	6.459239571	6.507946536	6.553188866	6.59541702	6.634999558	6.672241798	6.707399457	6.740688806	6.772294363	6.802374792	6.831067503	6.858492274	6.884754131	6.909945665	6.934148916	6.957436909
116	4.774922848	5.215849009	5.482234624	5.673388716	5.822239091	5.943940845	6.046746895	6.13565156	6.213906778	6.283747658	6.346775881	6.404177995	6.456857175	6.50551659	6.550714251	6.592900275	6.632442941	6.669647329	6.704768956	6.738023922	6.769596593	6.799645506	6.82830796	6.855703631	6.881937457	6.907101954	6.931279089	6.954541827
117	4.773861007	5.214513674	5.480713383	5.671724158	5.820457114	5.942059047	6.044778086	6.133605516	6.21179122	6.281568849	6.344539013	6.401887442	6.454516677	6.503129382	6.548283162	6.5904278	6.629931297	6.667098502	6.702184733	6.735405921	6.766946287	6.79696424	6.825596969	6.852964053	6.879170344	6.904308278	6.928459758	6.951697684
118	4.772817575	5.213201533	5.479218591	5.67008856	5.818706154	5.940210016	6.042843569	6.131595116	6.209712524	6.279428013	6.342341134	6.399636818	6.452216982	6.500783795	6.545894462	6.587998438	6.627463452	6.664594124	6.699645577	6.732833578	6.764342203	6.794329739	6.822933262	6.850272258	6.876451493	6.90156333	6.925689602	6.94890315
119	4.771792077	5.211911985	5.477749564	5.668481173	5.81698541	5.938392904	6.040942456	6.129619439	6.207669738	6.277324164	6.340181233	6.397425088	6.449957032	6.498478751	6.543547052	6.585611072	6.62503827	6.662133042	6.697150322	6.73030571	6.761783145	6.791740789	6.820315613	6.847627007	6.873779656	6.898865846	6.922967347	6.946156939
120	4.770784308	5.210644665	5.476305642	5.666901273	5.815294105	5.936606891	6.039073888	6.127677591	6.205661936	6.27525635	6.338058332	6.395251249	6.447735803	6.4962132	6.541239864	6.583264612	6.622654643	6.659714131	6.694697821	6.727821154	6.759267931	6.789196193	6.817742806	6.845027068	6.87115358	6.896214559	6.920291706	6.943457745
121	4.769793344	5.209398597	5.474886187	5.665348162	5.813631491	5.934851187	6.03723704	6.125768715	6.203688231	6.27322366	6.335971494	6.393114343	6.445552316	6.49398615	6.538971888	6.580958037	6.620311536	6.657336342	6.692287017	6.725378845	6.756795488	6.786694872	6.815213759	6.842471355	6.868572181	6.893608382	6.917661596	6.94080449
122	4.768818703	5.208173446	5.473490582	5.663821165	5.811996844	5.933125026	6.035431109	6.123891975	6.201747761	6.271225202	6.333919806	6.391013435	6.443405615	6.491796622	6.536742126	6.578690328	6.618007912	6.654998623	6.689916842	6.722977696	6.754364716	6.784235709	6.812727337	6.839958717	6.866034291	6.891046133	6.915075818	6.938195957
123	4.767860513	5.20696869	5.472118233	5.662319627	5.810389466	5.93142767	6.033655323	6.122046568	6.199839694	6.26926012	6.331902388	6.388947622	6.441294778	6.489643676	6.534549621	6.576460512	6.615742784	6.652699972	6.687586277	6.720616677	6.75197457	6.781817648	6.810282474	6.837488077	6.863538821	6.888526711	6.912533261	6.935631025
124	4.766918115	5.205783823	5.470768561	5.660842918	5.808808678	5.929758403	6.031908931	6.120231716	6.197963225	6.267327586	6.329918388	6.386916032	6.439218913	6.487526404	6.532393447	6.574267648	6.613515195	6.650439417	6.68529434	6.718294791	6.74962404	6.779439667	6.807878136	6.83505839	6.861084716	6.886049052	6.91003285	6.933108612
125	4.76599112	5.204618358	5.46944101	5.659390428	5.807253827	5.928116535	6.030191212	6.118446666	6.196117576	6.265426797	6.327966983	6.384917824	6.43717716	6.485443926	6.53027271	6.572110826	6.61132422	6.648216019	6.683040077	6.716011073	6.74731215	6.777100779	6.805513325	6.832668647	6.858670958	6.883612126	6.907573548	6.930627668
126	4.765079156	5.203471821	5.468135041	5.657961564	5.80572428	5.926501395	6.028501464	6.116690691	6.194301994	6.263556978	6.326047376	6.38295218	6.435168684	6.483395392	6.528186543	6.569989164	6.609168964	6.64602887	6.680822568	6.713764591	6.745037956	6.774800027	6.803187074	6.830317871	6.856296559	6.881214939	6.905154348	6.928187181
127	4.764181858	5.202343755	5.466850131	5.656555757	5.804219425	5.924912338	6.026839011	6.114963086	6.19251575	6.261717379	6.324158798	6.381018312	6.433192679	6.48137998	6.526134108	6.56790181	6.607048562	6.643877092	6.678640921	6.711554441	6.742800544	6.772536488	6.800898448	6.828005119	6.853960565	6.878856526	6.90277428	6.925786169
128	4.763298876	5.201233718	5.465585776	5.655172451	5.802738667	5.923348736	6.025203195	6.113263169	6.190758139	6.259907272	6.322300502	6.379115455	6.431248365	6.479396892	6.524114594	6.565847939	6.604962173	6.641759834	6.676494275	6.709379749	6.740599029	6.770309265	6.798646543	6.825729474	6.851662053	6.876535955	6.900432401	6.923423683
129	4.762429871	5.200141281	5.464341485	5.653811112	5.801281435	5.921809983	6.023593384	6.111590281	6.189028479	6.258125955	6.320471766	6.37724287	6.429334985	6.477445358	6.522127215	6.563826752	6.602908989	6.639676271	6.674381794	6.707239671	6.738432555	6.768117493	6.796430482	6.823490052	6.849400128	6.874252322	6.8981278	6.921098803
130	4.761574512	5.199066028	5.463116786	5.65247122	5.79984717	5.920295492	6.02200896	6.109943781	6.187326109	6.256372747	6.31867189	6.375399841	6.427451807	6.475524631	6.520171211	6.561837475	6.600888221	6.637625607	6.672302669	6.705133385	6.736300291	6.765960332	6.794249416	6.821285995	6.847173923	6.872004754	6.895859595	6.91881064
131	4.760732482	5.198007557	5.461911219	5.651152273	5.798435335	5.918804692	6.02044933	6.108323051	6.185650387	6.254646987	6.316900196	6.373585673	6.425598122	6.473633987	6.518245845	6.559879359	6.598899109	6.635607068	6.670256117	6.703060098	6.734201434	6.76383697	6.792102524	6.819116472	6.844982601	6.869792402	6.893626931	6.91655833
132	4.759903471	5.196965479	5.46072434	5.649853783	5.797045407	5.917337033	6.018913914	6.106727491	6.184000693	6.252948037	6.315156029	6.371799694	6.423773242	6.471772725	6.516350402	6.557951678	6.596940915	6.633619906	6.668241378	6.701019042	6.732135206	6.761746618	6.789989008	6.816980678	6.842825347	6.867614446	6.891428978	6.914341038
133	4.759087179	5.195939416	5.459555717	5.648575278	5.795676881	5.91589198	6.017402155	6.105156518	6.182376425	6.251275276	6.313438752	6.370041253	6.421976503	6.469940167	6.514484192	6.556053728	6.595012925	6.631663396	6.666257717	6.69900947	6.730100852	6.759688512	6.787908097	6.814877834	6.840701374	6.865470091	6.889264935	6.912157954
134	4.758283316	5.194929001	5.458404933	5.647316301	5.794329267	5.914469015	6.015913509	6.103609569	6.180777001	6.249628103	6.311747747	6.368309717	6.420207257	6.468135652	6.512646543	6.554184827	6.593114444	6.629736833	6.66430442	6.697030661	6.728097641	6.757661914	6.785859043	6.812807182	6.838609918	6.863358565	6.887134023	6.910008293
135	4.7574916	5.193933879	5.457271582	5.646076407	5.793002088	5.913067636	6.014447451	6.102086098	6.179201855	6.248005937	6.310082418	6.366604474	6.418464879	6.466358544	6.510836805	6.552344313	6.591244801	6.627839536	6.662380797	6.695081913	6.726124862	6.755666104	6.78384112	6.81076799	6.836550238	6.861279121	6.885035487	6.907891292
136	4.756711758	5.192953706	5.456155271	5.644855166	5.791694884	5.911687354	6.01300347	6.100585573	6.177650438	6.246408212	6.308442183	6.36492493	6.416748762	6.464608221	6.509054347	6.550531544	6.589403344	6.625970843	6.660486175	6.693162547	6.724181829	6.753700387	6.781853624	6.808759546	6.834521615	6.859231032	6.882968595	6.905806215
137	4.755943525	5.191988147	5.455055619	5.64365216	5.790407207	5.910327698	6.011581073	6.099107481	6.176122218	6.24483438	6.306826479	6.363270508	6.415058316	6.462884084	6.507298556	6.548745898	6.58758944	6.624130112	6.658619905	6.691271903	6.722267872	6.751764088	6.779895872	6.80678116	6.832523353	6.857213596	6.880932637	6.903752343
138	4.755186644	5.191036878	5.453972255	5.642466985	5.789138623	5.908988209	6.010179777	6.097651322	6.174616679	6.24328391	6.305234762	6.361640649	6.413392971	6.461185549	6.50556884	6.546986771	6.585802477	6.622316721	6.656781354	6.689409342	6.720382346	6.749856552	6.777967201	6.804832163	6.830554775	6.855226129	6.878926923	6.901728983
139	4.754440865	5.190099584	5.452904821	5.641299245	5.78788871	5.907668441	6.008799118	6.096216612	6.173133321	6.241756284	6.3036665	6.360034811	6.411752171	6.459512051	6.503864621	6.545253576	6.584041858	6.620530065	6.654969911	6.687574243	6.718524621	6.747977142	6.776066969	6.802911904	6.828615225	6.853267968	6.876950786	6.899735459
140	4.753705945	5.18917596	5.451852968	5.64014856	5.786657059	5.906367962	6.007438643	6.094802881	6.171671655	6.240251003	6.302121179	6.358452465	6.410135378	6.457863039	6.502185341	6.543545746	6.582307005	6.618769557	6.65318498	6.685766003	6.716694087	6.746125241	6.774194552	6.801019754	6.826704066	6.851338471	6.875003576	6.897771117
141	4.752981649	5.188265708	5.450816356	5.639014559	5.785443274	5.905086352	6.006097913	6.093409671	6.170231211	6.238767579	6.3005983	6.356893101	6.408542069	6.456237982	6.500530455	6.541862726	6.580597356	6.617034628	6.651425983	6.683984038	6.714890152	6.744300249	6.772349343	6.799155099	6.824820678	6.849437013	6.873084662	6.89583532
142	4.752267748	5.187368541	5.449794658	5.637896882	5.784246967	5.903823204	6.004776501	6.09203654	6.16881153	6.23730554	6.299097378	6.355356222	6.406971736	6.45463636	6.498899437	6.540203981	6.578912368	6.615324724	6.64969236	6.682227778	6.71311224	6.742501585	6.770530753	6.797317345	6.822964462	6.847562987	6.871193432	6.893927451
143	4.75156402	5.186484177	5.448787554	5.636795178	5.783067765	5.902578121	6.003473993	6.090683056	6.167412165	6.235864427	6.29761794	6.353841345	6.405423885	6.45305767	6.497291774	6.538568989	6.57725151	6.613639308	6.647983565	6.680496671	6.711359792	6.740728684	6.768738212	6.795505913	6.821134834	6.845715804	6.869329291	6.892046909
144	4.75087025	5.185612346	5.447794733	5.635709108	5.781905304	5.90135072	6.002189986	6.089348801	6.166032684	6.234443794	6.296159529	6.352348001	6.403898038	6.451501424	6.495706967	6.536957244	6.575614267	6.611977858	6.64629907	6.678790181	6.709632265	6.738980994	6.766971162	6.793720243	6.819331226	6.843894891	6.867491662	6.890193113
145	4.750186227	5.184752782	5.446815894	5.634638341	5.780759228	5.900140625	6.000924088	6.088033367	6.164672667	6.233043207	6.294721701	6.350875733	6.402393729	6.449967147	6.494144534	6.535368253	6.57400014	6.610339867	6.644638358	6.677107787	6.707929132	6.737257984	6.765229065	6.791959788	6.817553086	6.842099692	6.865679982	6.888365494
146	4.749511747	5.183905229	5.445850743	5.633582556	5.779629195	5.898947474	5.999675919	6.086736361	6.163331703	6.231662246	6.293304022	6.3494241	6.400910505	6.448454376	6.492604003	6.533801538	6.572408643	6.60872484	6.643000932	6.675448982	6.706249879	6.735559133	6.763511396	6.790224019	6.815799881	6.840329665	6.863893707	6.886563503
147	4.748846613	5.183069436	5.444898995	5.632541441	5.778514869	5.897770914	5.99844511	6.085457397	6.162009397	6.230300501	6.291906072	6.347992671	6.399447926	6.446962662	6.491084918	6.532256635	6.570839303	6.607132299	6.641386303	6.673813274	6.704594008	6.733883937	6.761817644	6.78851242	6.814071088	6.838584286	6.862132305	6.884786605
148	4.74819063	5.182245161	5.443960374	5.631514693	5.777415927	5.8966106	5.997231301	6.084196101	6.16070536	6.228957574	6.290527442	6.346581026	6.398005564	6.44549157	6.489586833	6.53073309	6.56929166	6.605561777	6.639794	6.672200183	6.702961034	6.732231905	6.760147314	6.786824489	6.812366202	6.836863042	6.860395261	6.883034278
149	4.747543612	5.181432167	5.443034609	5.630502016	5.776332051	5.895466199	5.996034142	6.082952111	6.159419218	6.227633076	6.289167734	6.345188759	6.396583002	6.444040675	6.488109317	6.529230465	6.567765268	6.604012821	6.638223562	6.670609244	6.701350484	6.730602561	6.758499922	6.785159738	6.810684729	6.835165437	6.858682072	6.881306016
150	4.746905377	5.180630223	5.442121438	5.629503122	5.775262933	5.894337385	5.994853293	6.081725071	6.158150604	6.226326632	6.287826562	6.343815473	6.395179836	6.442609562	6.486651948	6.52774833	6.566259692	6.60248499	6.636674543	6.669040003	6.699761902	6.72899544	6.756875	6.783517694	6.809026191	6.833490987	6.85699225	6.879601327
151	4.746275745	5.179839107	5.441220606	5.628517733	5.774208275	5.893223842	5.993688423	6.080514639	6.156899163	6.225037876	6.286503549	6.342460782	6.393795672	6.441197832	6.485214318	6.526286271	6.56477451	6.600977854	6.635146507	6.66749202	6.698194839	6.72741009	6.755272091	6.781897896	6.807390122	6.831839221	6.855325321	6.87792023
152	4.745654546	5.179058601	5.440331864	5.627545577	5.773167785	5.892125263	5.99253921	6.079320479	6.155664548	6.223766449	6.285198329	6.341124312	6.392430127	6.439805092	6.483796028	6.524843881	6.563309309	6.599490996	6.63363903	6.665964866	6.696648862	6.725846073	6.75369075	6.780299893	6.805776068	6.830209681	6.853681324	6.876261318
153	4.74504161	5.178288492	5.439454971	5.626586388	5.772141179	5.891041348	5.99140534	6.078142265	6.154446422	6.222512006	6.283910546	6.339805698	6.391082827	6.438430963	6.482396691	6.523420767	6.56186369	6.59802401	6.632151701	6.664458122	6.695123548	6.724302959	6.752130546	6.778723249	6.804183587	6.828602426	6.85205886	6.874624584
154	4.744436773	5.177528575	5.438589691	5.625639909	5.771128182	5.889971805	5.990286508	6.076979681	6.153244458	6.221274207	6.282639852	6.338504584	6.389753409	6.437075072	6.481015929	6.522016544	6.560437262	6.596576499	6.630684118	6.662971383	6.693618485	6.722780334	6.750591056	6.777167538	6.802612754	6.827016067	6.850457944	6.873009587
155	4.743839877	5.176778647	5.437735796	5.624705889	5.770128524	5.888916351	5.989182418	6.075832417	6.152058335	6.220052725	6.281385909	6.337220624	6.38844152	6.435737061	6.479653375	6.52063084	6.559029645	6.595148078	6.629235891	6.661504252	6.692133273	6.721277791	6.749071872	6.775632848	6.801062194	6.825450637	6.848878147	6.871415897
156	4.743250766	5.176038514	5.436893062	5.623784083	5.769141944	5.887874708	5.988092779	6.074700172	6.150887743	6.218847239	6.280148389	6.335953481	6.387146815	6.434416577	6.47830867	6.51926329	6.557640471	6.593738373	6.627806639	6.660056345	6.690667521	6.719794936	6.747573089	6.774117823	6.799531957	6.823905723	6.847319057	6.869843095
157	4.742669288	5.175307985	5.436061271	5.622874254	5.768168188	5.886846608	5.987017309	6.073582654	6.149732378	6.217657435	6.278926971	6.334702827	6.385868959	6.433113279	6.476981468	6.517913539	6.556269378	6.592347017	6.626395992	6.658627285	6.689220849	6.718331872	6.746093377	6.772622525	6.798021644	6.822380926	6.845780267	6.868290773
158	4.742095296	5.174586874	5.435240213	5.62197617	5.767207006	5.885831788	5.985955735	6.072479577	6.148591946	6.216483012	6.277721342	6.333468342	6.384607626	6.431826833	6.475671427	6.516581243	6.554916016	6.590973654	6.625003588	6.657216707	6.687793365	6.716887296	6.744632806	6.771146571	6.79653087	6.820875855	6.844261386	6.866758533
159	4.741528647	5.173875	5.434429679	5.621089605	5.766258156	5.884829993	5.984907789	6.071390663	6.147466158	6.215323671	6.276531199	6.332249715	6.383362495	6.430556914	6.474378218	6.515266065	6.553580044	6.589617939	6.623629076	6.655824721	6.686383798	6.715461286	6.743191009	6.769689588	6.795059258	6.81939013	6.842762028	6.86524599
160	4.740969201	5.173172187	5.433629471	5.620214339	5.765321404	5.883840973	5.983873209	6.070315641	6.146354735	6.214179125	6.275356246	6.331046642	6.382133259	6.429303206	6.473101518	6.513967677	6.552261128	6.588279533	6.622272113	6.65445009	6.684992232	6.714053488	6.741767625	6.768251212	6.793606441	6.817923381	6.84128182	6.863752765
161	4.74041682	5.172478263	5.43283939	5.619350156	5.764396518	5.882864485	5.982851743	6.069254247	6.145257404	6.213049092	6.274196192	6.329858827	6.380919613	6.4280654	6.471841013	6.51268576	6.550958944	6.586958105	6.620932856	6.653092903	6.683618325	6.712663555	6.740362304	6.766831091	6.792172061	6.816475246	6.839820398	6.862278492
162	4.739871373	5.171793061	5.432059247	5.618496848	5.763483276	5.881900294	5.981843141	6.068206224	6.144173897	6.211933298	6.273050757	6.328685981	6.379721264	6.426843196	6.470596396	6.511420002	6.549673175	6.585653808	6.61961004	6.651752828	6.682261742	6.711291149	6.738974704	6.765428878	6.79075577	6.815045374	6.838377406	6.860822811
163	4.739332729	5.171116417	5.431288856	5.617654211	5.762581458	5.880948168	5.980847163	6.067171319	6.143103957	6.210831476	6.271919666	6.327527824	6.378537923	6.425636301	6.469367369	6.5101701	6.548403512	6.584365424	6.6183038	6.650429545	6.680922157	6.709935941	6.737604494	6.764044237	6.789357228	6.813633421	6.836952499	6.859385374
164	4.738800761	5.170448171	5.430528033	5.616822047	5.761690851	5.880007882	5.979863574	6.06614929	6.142047328	6.209743364	6.270802652	6.326384082	6.377369312	6.424444429	6.468153642	6.508935757	6.547150143	6.583093083	6.617013825	6.649122741	6.679599255	6.70859761	6.736251347	6.76267684	6.787976103	6.812239053	6.835545338	6.857965839
165	4.738275348	5.169788169	5.429776603	5.61600016	5.760811248	5.879079216	5.978892142	6.065139896	6.141003765	6.208668708	6.269699452	6.325254486	6.376215155	6.4232673	6.466954929	6.507717146	6.545911839	6.581836486	6.615739813	6.647832108	6.678292724	6.707275842	6.734914947	6.761326367	6.786612073	6.810861943	6.834155593	6.856563875
166	4.737756367	5.169136258	5.429034392	5.615188361	5.759942446	5.878161958	5.977932645	6.064142905	6.139973026	6.207607261	6.268609813	6.324138776	6.375075188	6.422104644	6.465770955	6.5065131	6.544688763	6.580595344	6.614481471	6.64655735	6.677002264	6.705970331	6.733594986	6.759992506	6.785264822	6.809501774	6.832782945	6.855179157
167	4.737243702	5.168492291	5.428301232	5.614386467	5.759084247	5.877255897	5.976984864	6.063158089	6.138954877	6.20655878	6.267533486	6.323036698	6.373949149	6.420956194	6.464601916	6.505323769	6.543480637	6.579369373	6.61323851	6.645298175	6.675727579	6.704680781	6.732291162	6.758674952	6.783934042	6.808158234	6.831427079	6.853811369
168	4.736737239	5.167856124	5.427576959	5.613594297	5.758236459	5.876360829	5.976048586	6.062185228	6.137949089	6.205523029	6.266470228	6.321948003	6.372836786	6.419821693	6.463446649	6.504148887	6.542287189	6.578158296	6.612010651	6.644054298	6.674468382	6.7034069	6.731003181	6.757373409	6.782619433	6.806831021	6.83008769	6.852460204
169	4.736236864	5.167227616	5.426861411	5.612811676	5.757398893	5.875476557	5.975123602	6.061224105	6.136955437	6.204499777	6.265419803	6.320872448	6.37173785	6.418701354	6.462305331	6.502988191	6.541108151	6.576961844	6.61079762	6.642825445	6.673224393	6.702148405	6.729730756	6.756087585	6.781320703	6.805519839	6.828764479	6.851125359
170	4.73574247	5.166606628	5.426154432	5.612038431	5.756571366	5.874602886	5.974209709	6.060274508	6.135973704	6.203488801	6.26438198	6.319809798	6.370652099	6.41759403	6.461177711	6.501841426	6.539943266	6.575779754	6.609599151	6.641611342	6.671995338	6.700905018	6.728473607	6.754817199	6.780037565	6.804224399	6.827457155	6.84980654
171	4.735253949	5.165993028	5.425455868	5.611274394	5.755753697	5.873739627	5.97330671	6.059336232	6.135003675	6.202489879	6.263356533	6.318759822	6.36957976	6.416499916	6.460063544	6.500708344	6.538792279	6.574611769	6.608414982	6.640411728	6.67078095	6.699676469	6.72723146	6.753561974	6.77876974	6.802944419	6.826165434	6.848503462
172	4.734771198	5.165386684	5.424765572	5.610519404	5.754945712	5.872886593	5.97241441	6.058409075	6.134045144	6.201502798	6.262343243	6.317722293	6.368519711	6.415418777	6.45896259	6.499588699	6.537654944	6.573457638	6.607244859	6.639226343	6.669580967	6.698462494	6.72600405	6.752321641	6.777516957	6.801679626	6.824889038	6.847215844
173	4.734294115	5.164787468	5.424083396	5.6097733	5.75414724	5.872043606	5.97153262	6.05749284	6.133097907	6.200527349	6.261341894	6.316697443	6.367472157	6.414350383	6.457874616	6.498482256	6.536531019	6.572317115	6.606088534	6.638054937	6.668395135	6.697262835	6.724791114	6.751095935	6.776278949	6.800429749	6.823627696	6.845943413
174	4.733822601	5.164195255	5.423409198	5.609035925	5.753358114	5.871210488	5.970661156	6.056587337	6.132161765	6.199563327	6.260352276	6.315684185	6.36643688	6.413294511	6.456799394	6.497388782	6.535420269	6.571189962	6.604945765	6.636897264	6.667223205	6.696077242	6.7235924	6.7498846	6.775055456	6.799194527	6.822381143	6.844685902
175	4.733356558	5.163609923	5.42274284	5.608307128	5.752578171	5.870387067	5.969799837	6.055692377	6.131236525	6.198610533	6.259374185	6.314682732	6.365413665	6.412250942	6.455736701	6.49630805	6.534322463	6.570075945	6.603816315	6.635753083	6.666064935	6.694905467	6.722407658	6.748687385	6.773846225	6.797973704	6.821149122	6.843443049
176	4.732895892	5.163031353	5.422084185	5.60758676	5.751807251	5.869573176	5.968948488	6.054807777	6.130321997	6.197668771	6.258407881	6.313692877	6.364402302	6.411219461	6.454686319	6.495239839	6.533237376	6.568974836	6.602699951	6.634622161	6.664920087	6.693747271	6.721236645	6.747504044	6.772651008	6.796767029	6.819931379	6.8422146
177	4.732440511	5.162459429	5.4214331	5.606874676	5.751045199	5.868768648	5.968106936	6.053933359	6.129417996	6.19673785	6.257452275	6.312714422	6.363402587	6.410199861	6.453648036	6.494183933	6.532164789	6.567886411	6.601596449	6.633504268	6.663788428	6.692602419	6.720079124	6.746334338	6.771469562	6.795574258	6.818727667	6.841000307
178	4.731990324	5.161894036	5.420789456	5.606170733	5.750291862	5.867973324	5.967275013	6.053068948	6.128524342	6.195817586	6.25650761	6.31174717	6.362414319	6.409191937	6.452621643	6.49314012	6.531104487	6.566810454	6.600505586	6.63239918	6.662669734	6.691470682	6.718934864	6.745178032	6.770301652	6.794395152	6.817537746	6.839799926
179	4.731545243	5.161335063	5.420153125	5.605474792	5.749547092	5.867187047	5.966452555	6.052214372	6.127640858	6.194908255	6.255573699	6.310790931	6.361437304	6.40819549	6.451606939	6.492108194	6.530056261	6.565746751	6.599427148	6.631306679	6.661563781	6.690351837	6.717803638	6.744034897	6.769147045	6.793229478	6.816361381	6.83861322
180	4.731105182	5.160782402	5.419523985	5.604786719	5.748810744	5.866409662	5.965639401	6.051369466	6.126767371	6.194008787	6.25465036	6.309845516	6.360471349	6.407210324	6.450603723	6.491087953	6.529019904	6.564695093	6.598360923	6.630226551	6.660470354	6.689245663	6.716685224	6.74290471	6.768005516	6.792077007	6.81519834	6.837439956
181	4.730670055	5.160235946	5.418901913	5.604106379	5.748082676	5.865641021	5.964835395	6.050534065	6.125903712	6.193119441	6.253737413	6.308910744	6.35951627	6.40623625	6.449611803	6.4900792	6.527995217	6.563655278	6.597306705	6.629158587	6.659389241	6.688151947	6.715579407	6.741787253	6.766876845	6.790937518	6.8140484	6.836279907
182	4.730239781	5.159695591	5.418286791	5.603433645	5.747362748	5.864880977	5.964040382	6.04970801	6.125050166	6.192240049	6.252834685	6.307986435	6.358571882	6.405273082	6.448630989	6.489081741	6.526982004	6.562627107	6.596264293	6.628102582	6.658320235	6.68707048	6.714485974	6.74068231	6.765760815	6.78981079	6.812911339	6.835132851
183	4.729814278	5.159161236	5.417678504	5.602768388	5.746650825	5.864129385	5.963254212	6.048891146	6.124205697	6.191370445	6.251942004	6.307072415	6.357638007	6.404320636	6.447661095	6.488095389	6.525980073	6.561610384	6.595233488	6.627058338	6.657263135	6.686001058	6.713404719	6.739589674	6.764657215	6.788696612	6.811786942	6.833998571
184	4.729393469	5.158632782	5.417076938	5.602110485	5.745946774	5.863386107	5.96247674	6.04808332	6.123370574	6.190510465	6.251059205	6.306168514	6.356714471	6.403378736	6.44670194	6.487119958	6.524989237	6.560604921	6.594214099	6.626025658	6.656217742	6.684943479	6.71233544	6.73850914	6.763565838	6.787594776	6.810675001	6.832876856
185	4.728977274	5.15811013	5.416481983	5.601459815	5.745250466	5.862651004	5.961707821	6.047284382	6.122544642	6.18965995	6.250186124	6.305274564	6.355801104	6.402447207	6.445753347	6.486155269	6.524009312	6.559610531	6.593205938	6.625004352	6.655183863	6.68389755	6.711277938	6.737440508	6.762486483	6.786505076	6.809575308	6.831767497
186	4.72856562	5.157593187	5.415893529	5.600816258	5.744561773	5.861923942	5.960947315	6.046494634	6.12172775	6.188818747	6.249322601	6.304390401	6.354897737	6.401525878	6.444815142	6.485201145	6.52304012	6.558627032	6.592208818	6.623994233	6.654161309	6.682863077	6.710232021	6.736383583	6.761418952	6.785427314	6.808487662	6.830670292
187	4.728158433	5.157081859	5.415311472	5.6001797	5.743880571	5.861204791	5.960195084	6.045713061	6.120919751	6.187986701	6.24846848	6.303515867	6.354004208	6.400614583	6.443887155	6.484257413	6.522081484	6.557654247	6.591222561	6.622995118	6.653149895	6.681839875	6.709197499	6.735338172	6.760363053	6.784361295	6.807411867	6.829585042
188	4.727755639	5.156576055	5.414735706	5.599550026	5.743206739	5.860493422	5.959450995	6.044939948	6.1201205	6.187163666	6.247623609	6.302650804	6.353120358	6.39971316	6.442969221	6.483323905	6.521133235	6.556692001	6.590246989	6.622006828	6.65214944	6.68082776	6.708174187	6.73430409	6.759318595	6.783306828	6.80634773	6.828511552
189	4.727357168	5.156075686	5.414166132	5.598927125	5.742540157	5.859789708	5.958714915	6.04417516	6.119329856	6.186349494	6.246787839	6.301795059	6.352246028	6.398821448	6.442061177	6.482400455	6.520195203	6.555740124	6.589281931	6.621029189	6.651159767	6.679826552	6.707161903	6.733281153	6.758285395	6.782263726	6.805295063	6.827449633
190	4.726962951	5.155580665	5.413602649	5.598310889	5.741880709	5.859093529	5.957986717	6.043418563	6.118547681	6.185544044	6.245961022	6.300948484	6.351381068	6.397939292	6.441162864	6.481486902	6.519267224	6.554798449	6.588327216	6.620062029	6.650180702	6.678836077	6.706160471	6.732269182	6.757263271	6.781231806	6.804253681	6.826399099
191	4.72657292	5.155090907	5.41304516	5.597701211	5.741228282	5.858404762	5.957266723	6.042670025	6.117773839	6.184747177	6.245143017	6.30011093	6.350525326	6.397066538	6.440274127	6.480583087	6.518349139	6.553866813	6.58738268	6.61910518	6.649212076	6.677856163	6.705169717	6.731268002	6.756252046	6.780210891	6.803223404	6.825359767
192	4.72618701	5.154606328	5.412493571	5.597097988	5.740582763	5.85772329	5.956553932	6.04192942	6.117008198	6.183958755	6.244333682	6.299282256	6.349678657	6.396203038	6.439394813	6.479688857	6.517440788	6.552945057	6.586448161	6.61815848	6.648253723	6.676886641	6.704189472	6.73027744	6.755251546	6.779200804	6.802204055	6.82433146
193	4.725805154	5.154126847	5.411947788	5.596501116	5.739944044	5.857048998	5.955848652	6.04119662	6.116250629	6.183178646	6.243532881	6.298462319	6.348840917	6.395348645	6.438524773	6.478804058	6.51654202	6.552033025	6.5855235	6.617221766	6.647305481	6.675927348	6.703219568	6.729297329	6.754261603	6.778201374	6.801195462	6.823314003
194	4.725427289	5.153652383	5.411407719	5.595910497	5.739312018	5.856381773	5.955150767	6.040471504	6.115501004	6.182406719	6.242740479	6.297650984	6.348011965	6.394503215	6.437663861	6.477928543	6.515652681	6.551130562	6.584608542	6.616294882	6.646367189	6.674978123	6.702259843	6.728327505	6.75328205	6.777212434	6.800197454	6.822307225
195	4.725053354	5.153182858	5.410873276	5.595326033	5.738686579	5.855721505	5.95446016	6.039753952	6.114759198	6.181642845	6.241956345	6.296848115	6.347191663	6.393666609	6.436811935	6.477062166	6.514772626	6.55023752	6.583703135	6.615377675	6.645438693	6.674038807	6.701310138	6.727367807	6.752312723	6.77623382	6.799209867	6.821310959
196	4.724683287	5.152718195	5.410344371	5.594747627	5.738067627	5.855068085	5.953776717	6.039043845	6.114025092	6.180886899	6.241180351	6.296053581	6.346379878	6.392838688	6.435968855	6.476204785	6.51390171	6.549353752	6.582807131	6.614469993	6.644519841	6.673109248	6.700370296	6.726418076	6.751353465	6.77526537	6.798232538	6.820325041
197	4.724317028	5.15225832	5.409820919	5.594175187	5.737455059	5.854421851	5.953100329	6.038341068	6.113298564	6.180138759	6.24041237	6.295267252	6.345576477	6.392019319	6.435134483	6.475356261	6.51303979	6.548479113	6.581920384	6.613571688	6.643610481	6.672189292	6.699440166	6.725478158	6.750404119	6.774306927	6.797265308	6.819349312
198	4.723954519	5.151803159	5.409302835	5.59360862	5.736848779	5.853781829	5.952430886	6.037645509	6.112579499	6.179398304	6.239652279	6.294489002	6.344781331	6.39120837	6.434308685	6.474516458	6.512186729	6.547613465	6.581042751	6.612682617	6.642710469	6.671278793	6.698519596	6.724547903	6.749464532	6.773358337	6.796308021	6.818383613
199	4.723595703	5.151352639	5.408790038	5.593047836	5.736248689	5.853148344	5.951768282	6.036957057	6.111867781	6.178665417	6.238899957	6.293718707	6.343994314	6.390405711	6.43349133	6.47368524	6.51134239	6.546756667	6.580174092	6.611802637	6.64181966	6.670377605	6.697608442	6.723627161	6.748534554	6.772419449	6.795360525	6.817427791
200	4.723240523	5.15090669	5.408282447	5.592492748	5.735654695	5.852521297	5.951112413	6.036275603	6.1111633	6.177939982	6.238155285	6.292956246	6.343215301	6.389611217	6.43268229	6.472862478	6.510506641	6.545908586	6.579314271	6.610931611	6.640937915	6.669485586	6.696706558	6.722715788	6.747614039	6.771490115	6.79442267	6.816481696
