2	3	4	5	6	7	8	9	10	11	12	13	14	15	16	17	18	19	20	21	22	23	24	25	26	27	28	29	30
2	4.128182668	5.732648953	6.772545251	7.537531647	8.139085517	8.632502635	9.049278408	9.40905529	9.724896778	10.00591669	10.25871329	10.48820753	10.69816021	10.89150533	11.07057267	11.23724088	11.39304545	11.53925661	11.67693631	11.80698132	11.93015523	12.04711355	12.15842302	12.2645769	12.36600708	12.46309382	12.55617366	12.64554584
3	3.328158487	4.467378712	5.199003087	5.737573285	6.161998323	6.510950284	6.806375294	7.061935145	7.286705212	7.487014398	7.66744711	7.831427218	7.981577078	8.119948032	8.248173845	8.367575998	8.479237877	8.584058241	8.682790522	8.776072331	8.864447754	8.948384631	9.028288021	9.104510848	9.177362389	9.247115119	9.314010265	9.378262372
4	3.014892563	3.975595737	4.586269158	5.034799663	5.388261903	5.679074671	5.925505827	6.138886978	6.326732582	6.494279863	6.645322016	6.782692487	6.908562136	7.024629665	7.132248636	7.232514364	7.326325267	7.414427058	7.497445258	7.575909513	7.650272094	7.720922156	7.788196865	7.852390199	7.913759957	7.972533422	8.02891195	8.083074738
5	2.849708738	3.717111274	4.263592729	4.663827076	4.978951082	5.238195797	5.457929706	5.648267915	5.815903045	5.96549275	6.100407641	6.223164308	6.335690552	6.439494445	6.53577803	6.625514071	6.709500622	6.788400253	6.862768875	6.933077265	6.999727658	7.063066133	7.123392641	7.180968767	7.236023958	7.288760539	7.339357793	7.387975302
6	2.748071793	3.558371594	4.065117749	4.435191775	4.726219617	4.965529868	5.168345765	5.344042846	5.498810069	5.636947811	5.761564802	5.874980413	5.978970305	6.074923521	6.16394666	6.246935252	6.324623955	6.397622708	6.466443288	6.531519172	6.593220841	6.65186664	6.70773298	6.7610608	6.812061464	6.860921381	6.907805579	6.952861469
7	2.679338748	3.45116514	3.930902514	4.280326166	4.554763451	4.780289712	4.971369005	5.136882648	5.282681276	5.412823996	5.530241879	5.637119963	5.735130089	5.825579511	5.90950928	5.987761735	6.061027776	6.129880945	6.194802451	6.256199865	6.314421338	6.369766542	6.422495217	6.472833925	6.520981425	6.567113022	6.611384088	6.653932952
8	2.62979804	3.373969209	3.834155755	4.16854027	4.430837154	4.646238404	4.828670266	4.986662527	5.125824043	5.250040329	5.362114473	5.46413433	5.55769639	5.644048361	5.724183557	5.798905429	5.868872786	5.934632494	5.996643301	6.055293721	6.110915598	6.163794559	6.214178164	6.262282343	6.308296535	6.352387819	6.394704282	6.435377773
9	2.59241314	3.315758016	3.761137535	4.084074007	4.337090603	4.544726214	4.720507543	4.872702323	5.006738005	5.126370226	5.234305712	5.332558549	5.422668257	5.505837337	5.583022738	5.654998233	5.722398189	5.785749025	5.845492269	5.902001815	5.955596983	6.006552595	6.05510683	6.101467429	6.145816635	6.18831518	6.229105523	6.268314498
10	2.563207058	3.270308403	3.704084763	4.018011273	4.263697814	4.465181182	4.63568071	4.783261515	4.913210849	5.029183209	5.133809851	5.229047823	5.316392023	5.397009219	5.471827882	5.541598432	5.60693593	5.66835066	5.726270545	5.781057873	5.833022065	5.882429356	5.929510475	5.974466648	6.017474394	6.058689391	6.098249609	6.136277885
11	2.539764611	3.233845191	3.658283743	3.964932466	4.204679399	4.401164212	4.567362775	4.711179545	4.837789487	4.950767076	5.052683029	5.145448513	5.230522326	5.309042964	5.381915752	5.449872462	5.513512238	5.573332427	5.629749922	5.683117631	5.733736878	5.781866904	5.827732434	5.871529362	5.913429541	5.953584522	5.992128615	6.02918139
12	2.520535164	3.203946679	3.620708221	3.921354302	4.156188439	4.348529488	4.511155126	4.651839348	4.775667039	4.886144947	4.985796283	5.076494081	5.159667698	5.236432198	5.307673959	5.37410902	5.436323959	5.494805209	5.549960543	5.602135313	5.651623794	5.698679636	5.743522474	5.786343783	5.827311609	5.86657404	5.904262338	5.940493352
13	2.504477944	3.178988609	3.589326945	3.884936605	4.115638692	4.304486761	4.464095487	4.602130385	4.723600746	4.831959888	4.929688939	5.018629857	5.100187625	5.175457629	5.245310421	5.310449037	5.37144926	5.428788474	5.482866787	5.534022791	5.582545501	5.628683541	5.672652302	5.714639579	5.754810289	5.793309237	5.830265344	5.86579313
14	2.490868587	3.1578412	3.562726099	3.854049137	4.081226615	4.267089577	4.424115713	4.559879362	4.679326603	4.785864666	4.881940127	4.969368994	5.049534064	5.123515421	5.192169467	5.256189209	5.316140193	5.372492462	5.425639596	5.475914614	5.523601731	5.568945414	5.612157427	5.653422388	5.692902193	5.730739585	5.767061014	5.801979108
15	2.479187481	3.139694445	3.539891417	3.827521461	4.051656465	4.234938214	4.389727546	4.523522007	4.641212812	4.746168212	4.840805282	4.926916928	5.00586938	5.078727615	5.146336236	5.209378653	5.268413207	5.323903268	5.376236451	5.425741081	5.472697234	5.517345786	5.559895368	5.600527848	5.639402701	5.676660517	5.712425862	5.746809604
16	2.469052254	3.123952533	3.520076443	3.804491569	4.025973279	4.207000474	4.359833535	4.491903164	4.608054444	4.711621017	4.804994772	4.889948997	4.967834491	5.039703595	5.106391825	5.1685739	5.226800403	5.281529741	5.333144745	5.381969286	5.42827974	5.472314662	5.514278947	5.554352432	5.592692471	5.62943778	5.664711249	5.698622253
17	2.460175295	3.110167489	3.502719652	3.784310592	4.003457755	4.182498419	4.333605598	4.464151949	4.57894178	4.681279647	4.773534574	4.857463004	4.93440226	5.005393888	5.071264652	5.132681586	5.190190538	5.244243731	5.295220229	5.343439553	5.389175693	5.432663527	5.474106471	5.513681832	5.551545067	5.587833824	5.62266873	5.656158139
18	2.45233613	3.097996027	3.487390552	3.766480776	3.98355778	4.160834599	4.310407589	4.43959845	4.553175795	4.654418018	4.745675115	4.828687792	4.904781793	4.974989147	5.04012888	5.100861653	5.157728	5.211175667	5.261579623	5.309256952	5.35447814	5.39747615	5.438451256	5.477579748	5.515015399	5.55087885	5.585334881	5.618445646
19	2.445362922	3.087170673	3.473753583	3.75061392	3.965842519	4.141542562	4.28974261	4.417719286	4.530209606	4.630468921	4.72082973	4.803019954	4.878354081	4.947856004	5.012337871	5.072454675	5.12874222	5.181644268	5.231532401	5.278720803	5.323477451	5.366032717	5.406586055	5.445311271	5.482360718	5.517869152	5.55195432	5.584722857
20	2.43911977	3.077479941	3.461543329	3.736402812	3.949970849	4.124252803	4.271216868	4.39809951	4.509609586	4.608981901	4.698533489	4.779980145	4.854627397	4.923491447	4.987377956	5.046937082	5.102700384	5.155108059	5.204528652	5.251273745	5.295609067	5.337763035	5.377933393	5.416292442	5.452991206	5.488162782	5.521925049	5.554382896
21	2.433497781	3.068754423	3.450547102	3.723601162	3.935669161	4.108668818	4.254514233	4.380405883	4.491027376	4.589595087	4.678412167	4.759183692	4.833206736	4.901490568	4.96483586	5.023887546	5.07917365	5.131131156	5.180125871	5.22646703	5.270418335	5.312206438	5.35202754	5.390052583	5.426431392	5.461295992	5.494763314	5.526937391
22	2.428408684	3.060856822	3.440592477	3.712009212	3.922715442	4.094549912	4.239377984	4.364367696	4.474179892	4.572014323	4.660161616	4.740317168	4.813770417	4.881524501	4.944374903	5.002962868	5.057812902	5.109358654	5.157963709	5.203935175	5.247534915	5.288987982	5.328489176	5.366208208	5.40229381	5.436877041	5.470073962	5.501987835
23	2.423780172	3.053674689	3.431538195	3.701463246	3.910927661	4.081698662	4.225597471	4.349762743	4.458834698	4.555998017	4.643531971	4.723123177	4.796054145	4.863322445	4.92571902	4.983881366	5.038330667	5.089498348	5.137745699	5.183377447	5.226654041	5.267799075	5.307006074	5.344443625	5.380259466	5.414583771	5.447531815	5.479206148
24	2.419552446	3.047115052	3.423267426	3.691827811	3.900155154	4.069951603	4.212998218	4.336406921	4.444799158	4.54134589	4.628316045	4.70738824	4.779838669	4.846659827	4.908638515	4.966408809	5.020489029	5.071308188	5.119225312	5.164543808	5.207522343	5.248383376	5.287318843	5.32449654	5.360063294	5.39414847	5.426866618	5.458319644
25	2.415675629	3.041100371	3.415682713	3.682989873	3.890272147	4.059172226	4.201434476	4.324146391	4.431912257	4.527890496	4.614340573	4.692933791	4.764940561	4.831348733	4.892941316	4.95034925	5.004088233	5.054585066	5.102196886	5.147225479	5.189928106	5.230525812	5.269209884	5.306146939	5.34148297	5.375346785	5.407851878	5.439099768
26	2.412107785	3.035565468	3.408702113	3.674854364	3.881172822	4.049245642	4.190783539	4.312851598	4.420038365	4.515490751	4.601459539	4.679609313	4.751205175	4.817230705	4.878465429	4.935537403	4.988959915	5.039157729	5.086486244	5.131245754	5.17369223	5.214045588	5.252496129	5.289209601	5.324331227	5.357988944	5.390296026	5.421353231
27	2.408813621	3.030455156	3.402256231	3.667340747	3.872767505	4.040074463	4.180941362	4.302412662	4.409062415	4.504026937	4.589549011	4.667287029	4.738501204	4.804171179	4.865073265	4.921832862	4.974961032	5.024880659	5.071945539	5.116454588	5.158662582	5.198788399	5.237021428	5.273526611	5.30844846	5.341914278	5.374036772	5.404916192
28	2.405762439	3.025722398	3.396285906	3.660380342	3.864979702	4.031575589	4.171819143	4.292735774	4.398886152	4.4933968	4.578503113	4.655857761	4.726716433	4.792055134	4.852647202	4.909115577	4.961969264	5.011629404	5.058448311	5.102723623	5.144709011	5.184622389	5.2226523	5.258962943	5.293698167	5.326984688	5.358934688	5.389647945
29	2.402928485	3.021326855	3.390740393	3.653914224	3.857743766	4.023677684	4.163340627	4.283740363	4.389425162	4.483512477	4.568230852	4.645227656	4.715754384	4.780783664	4.84108608	4.897282288	4.949879383	4.99929689	5.045885745	5.0899424	5.1317195	5.171434063	5.209273845	5.245402354	5.279962826	5.313081428	5.344869853	5.375427442
30	2.400289365	3.017233734	3.385575917	3.647891548	3.851003035	4.016319159	4.155439966	4.275356835	4.380606519	4.474298042	4.558653586	4.635315588	4.705531645	4.770271249	4.830302417	4.886243683	4.938600364	4.987790483	5.03416369	5.078015336	5.119597108	5.15912519	5.196786607	5.23274422	5.267140693	5.300101684	5.331738431	5.362149863
31	2.397825658	3.013412872	3.380754517	3.642268212	3.84470835	4.009446569	4.148060002	4.267524768	4.372366894	4.465687552	4.549702994	4.626051066	4.695975731	4.760443555	4.820220165	4.875922115	4.928053062	4.977029628	5.023200265	5.066859295	5.10825751	5.147610316	5.185104055	5.220900985	5.255143235	5.287955987	5.319450053	5.349723979
32	2.395520441	3.009837984	3.376243111	3.637005774	3.83881685	4.003013302	4.141150876	4.260191446	4.364651023	4.457623448	4.541319439	4.617372549	4.687023348	4.751235668	4.810772902	4.866249754	4.91816833	4.96694394	5.012923918	5.056401619	5.097627002	5.136814744	5.174150548	5.209796105	5.243893046	5.276566106	5.307925697	5.338070008
33	2.393358901	3.006486063	3.372012738	3.632070572	3.833290996	3.996978527	4.134668904	4.253310669	4.357410464	4.450055271	4.533450624	4.609226062	4.678618975	4.742590638	4.80190235	4.857167081	4.908885486	4.957471644	5.00327184	5.046578527	5.087640879	5.126672891	5.163859664	5.199362363	5.233322146	5.26586333	5.297095954	5.327117871
34	2.391328015	3.003336885	3.368037936	3.627433004	3.828097768	3.991306322	4.128575641	4.246841774	4.350602575	4.442938592	4.5260505	4.60156407	4.670713712	4.734458299	4.793557164	4.848621652	4.900151054	4.948558295	4.994188674	5.037333795	5.078242097	5.117126932	5.15417284	5.189540484	5.223370584	5.255787063	5.286899607	5.316805752
35	2.389416284	3.000372598	3.364296225	3.623066935	3.823208008	3.985964955	4.122837128	4.240748833	4.344189669	4.436234142	4.519078357	4.594344545	4.663264315	4.72679428	4.785691929	4.840567073	4.891917724	4.940155719	4.985625432	5.028617666	5.069380169	5.108125689	5.145038233	5.180277998	5.213985287	5.246283652	5.277282449	5.307078914
36	2.387613525	2.997577388	3.36076769	3.618949202	3.818595869	3.980926296	4.117423247	4.234999978	4.338138317	4.429907079	4.51249807	4.587530188	4.656232401	4.719559196	4.778266323	4.832962152	4.884143485	4.932221137	4.977538606	5.020385945	5.061010248	5.099623693	5.136409786	5.171528283	5.205119094	5.237305423	5.26819631	5.297888713
37	2.385910678	2.994937192	3.35743462	3.615059203	3.814238356	3.976165315	4.1123072	4.229566848	4.33241876	4.423926385	4.506277475	4.581087782	4.649583785	4.712717965	4.77124443	4.825770189	4.876790904	4.924716425	4.969889424	5.012599243	5.05309236	5.091580413	5.128246438	5.163249773	5.196729956	5.228809861	5.259598234	5.289191764
38	2.384299663	2.992439464	3.354281211	3.611378555	3.81011495	3.971659668	4.107465057	4.224424114	4.327004419	4.418264353	4.500387835	4.574987649	4.643287919	4.706239232	4.764594144	4.818958378	4.869826517	4.917607499	4.962643215	5.005222335	5.045590754	5.083959602	5.120511466	5.155405289	5.188780259	5.220758938	5.25144979	5.280949255
39	2.382773248	2.990072979	3.351293321	3.6078908	3.806207275	3.967389347	4.10287539	4.219549091	4.321871484	4.412896155	4.4948034	4.569203188	4.637317421	4.70009489	4.758286681	4.812497303	4.863220315	4.910863792	4.955768885	4.998223629	5.038473365	5.076728741	5.113171921	5.147961472	5.181236253	5.213118526	5.243716492	5.273126352
40	2.38132494	2.987827886	3.348458252	3.604581164	3.802498832	3.963336381	4.098518945	4.214921394	4.316998558	4.407799481	4.489501022	4.56371049	4.631647675	4.694259667	4.752296162	4.806360512	4.85694531	4.904457811	4.949238465	4.991574702	5.031711342	5.069858573	5.106198157	5.140888307	5.174067566	5.205857915	5.236367303	5.265691704
41	2.379948894	2.985694664	3.345764573	3.60143634	3.798974761	3.959484584	4.094378382	4.210522659	4.312366362	4.402954222	4.484459843	4.558488002	4.626256489	4.688710779	4.746599248	4.800524151	4.850977164	4.89836476	4.943026726	4.985249919	5.02527866	5.063322702	5.099563427	5.13415871	5.167246792	5.19894939	5.229374211	5.258617016
42	2.378639835	2.983665346	3.343201965	3.598444317	3.795621646	3.955819338	4.090438037	4.206336298	4.307957477	4.398342212	4.479661009	4.553516244	4.621123804	4.683427631	4.741174842	4.794966654	4.845293867	4.892562216	4.937110854	4.979226092	5.019151779	5.057097254	5.093243536	5.127748178	5.160749138	5.192367876	5.222711873	5.251876685
43	2.377392988	2.981732522	3.340761091	3.595594224	3.79242734	3.952327409	4.086683726	4.202347286	4.303756127	4.393946993	4.475087442	4.548777567	4.616231445	4.678391555	4.736003823	4.789668472	4.839875472	4.887029852	4.931470164	4.973482199	5.013309355	5.051160578	5.087216541	5.121634491	5.154552114	5.186090629	5.216357301	5.245447487
44	2.376204021	2.97988947	3.338433477	3.592876195	3.789380821	3.948996785	4.083102574	4.198541983	4.299747988	4.389753619	4.470723632	4.544255942	4.611562901	4.673585599	4.73106882	4.784611846	4.834703852	4.881749197	4.926085858	4.967999133	5.007731988	5.045492996	5.081462497	5.11579745	5.148635279	5.180096974	5.210289591	5.239308304
45	2.375068996	2.978130079	3.336211419	3.590281259	3.786472064	3.94581654	4.079682869	4.194907982	4.295920024	4.385748492	4.466555463	4.539936778	4.607103144	4.668994323	4.726354016	4.779780601	4.829762499	4.876703428	4.920940817	4.962759491	5.002402007	5.040076579	5.075963234	5.11021865	5.142980006	5.174368069	5.2044897	5.233439894
46	2.373984323	2.976448779	3.334087898	3.587801239	3.783691931	3.942776713	4.076413931	4.191433964	4.292260349	4.381919206	4.462570057	4.535806763	4.60283846	4.664603644	4.721844978	4.77515998	4.82503635	4.871877192	4.916019413	4.957747388	4.99730328	5.034894963	5.070702161	5.104881288	5.137569285	5.168886711	5.198940235	5.227824682
47	2.372946726	2.974840484	3.332056502	3.585428668	3.781032074	3.939868203	4.073286001	4.188109588	4.288758098	4.378254422	4.458755644	4.531853729	4.598756313	4.660400683	4.717528509	4.770736486	4.820511625	4.867256446	4.911307354	4.952948291	4.99242105	5.029933174	5.065664101	5.09976999	5.132387556	5.163637156	5.193625279	5.222446588
48	2.371953205	2.973300542	3.330111362	3.583156711	3.778484853	3.93708268	4.070290148	4.184925388	4.285403324	4.374743759	4.455101443	4.528066531	4.594845221	4.656373642	4.713392517	4.766497754	4.816175702	4.862828321	4.906791539	4.948348885	4.987741792	5.02517749	5.060835142	5.094870663	5.127420553	5.158604974	5.188530243	5.217290867
49	2.37100101	2.971824685	3.3282471	3.5809791	3.776043261	3.934412503	4.067418175	4.181872677	4.282186899	4.371377689	4.451597563	4.524434939	4.591094642	4.652511692	4.709425904	4.76243243	4.812016989	4.858581004	4.902459942	4.94393694	4.983253084	5.020615307	5.056202507	5.090170364	5.122655171	5.153776907	5.183641722	5.212343974
50	2.370087616	2.970408996	3.326458775	3.578890079	3.773700861	3.931850652	4.064662554	4.178943473	4.279100434	4.368147455	4.448234908	4.52094955	4.587494888	4.648804878	4.705618463	4.758530077	4.808024828	4.854503627	4.898301501	4.939701207	4.978943503	5.016235032	5.05175444	5.085657183	5.118079357	5.14914076	5.178947384	5.207593445
51	2.369210698	2.969049868	3.324742075	3.576884349	3.771451728	3.929390666	4.062016353	4.176130427	4.276136207	4.365044994	4.445005105	4.517601703	4.584037031	4.645244026	4.701960794	4.754781076	4.804189399	4.850586179	4.894306023	4.935631322	4.974802519	5.01202598	5.047480109	5.081320146	5.113681996	5.144685288	5.17443586	5.20302779
52	2.368368114	2.967743979	3.323092344	3.574957026	3.769290401	3.927026586	4.05947318	4.173426762	4.273287093	4.362062867	4.441900429	4.51438341	4.580712839	4.641820675	4.698444222	4.751176553	4.800501639	4.846819421	4.8904641	4.931717717	4.970820414	5.007978289	5.043369512	5.07714912	5.109452831	5.140400112	5.170096654	5.198636403
53	2.367557887	2.966488261	3.321505943	3.5731036	3.767211835	3.924752911	4.057027132	4.170826218	4.270546512	4.359194204	4.438913742	4.511287288	4.577514703	4.638527005	4.695060729	4.747708307	4.796953172	4.843194811	4.886767035	4.92795155	4.966988203	5.00408284	5.039413405	5.073134736	5.105382376	5.136275633	5.165920059	5.19440947
54	2.366778188	2.965279877	3.319979293	3.571319903	3.765211365	3.922564551	4.054672747	4.168323004	4.267908377	4.356432647	4.436038441	4.508306505	4.574435581	4.635355779	4.691802895	4.744368745	4.793536245	4.839704444	4.883206779	4.924324631	4.963297568	5.00033119	5.035603225	5.069268319	5.101461846	5.132302963	5.161897085	5.190337908
55	2.366027324	2.964116201	3.318509082	3.569602071	3.763284673	3.920456792	4.052404969	4.165911756	4.265367047	4.353772306	4.433268406	4.505434732	4.571468946	4.632300289	4.688663842	4.741150829	4.790243669	4.83634099	4.879775866	4.920829369	4.959740796	4.99671551	5.031931031	5.065541823	5.097683095	5.128473858	5.158019396	5.186413287
56	2.365303724	2.962994796	3.317092238	3.567946522	3.761427749	3.918425262	4.050219102	4.163587494	4.262917288	4.351207714	4.430597957	4.502666092	4.568608742	4.629354308	4.685637184	4.738048026	4.787068771	4.833097642	4.876467366	4.917458715	4.956310724	4.99322853	5.028389452	5.061947777	5.094038556	5.124780659	5.154279246	5.18262778
57	2.364605931	2.961913402	3.315725905	3.56634993	3.759636871	3.916465898	4.048110787	4.161345595	4.260554236	4.34873379	4.428021816	4.499995124	4.565849337	4.626512048	4.682716988	4.735054262	4.784005347	4.829968074	4.873274836	4.914206113	4.953000692	4.989863489	5.024971631	5.058479231	5.090521192	5.121216247	5.150669434	5.178974106
58	2.363932587	2.960869913	3.31440743	3.5648092	3.757908578	3.914574921	4.046075969	4.159181756	4.258273366	4.346345809	4.425535072	4.497416748	4.563185494	4.623768123	4.679897728	4.732163884	4.781047623	4.826946397	4.870192276	4.911065462	4.9498045	4.986614094	5.021671183	5.055129717	5.087124452	5.11777399	5.147183251	5.175445485
59	2.36328243	2.959862372	3.313134343	3.563321451	3.756239644	3.912748812	4.044110869	4.157091968	4.256070464	4.344039366	4.423133148	4.494926227	4.560612329	4.621117513	4.677174257	4.729371623	4.778190215	4.82402712	4.867214095	4.908031074	4.946716368	4.983474475	5.018482156	5.051893202	5.083842226	5.114447705	5.143814444	5.172035593
60	2.362654283	2.958888953	3.31190434	3.561884238	3.754627064	3.91098429	4.042211963	4.155072493	4.253941598	4.341810355	4.420811777	4.492519146	4.558125286	4.618555535	4.674541771	4.726672564	4.775428102	4.82120512	4.864335074	4.90509764	4.9437309	4.980439156	5.015398995	5.048764055	5.080668811	5.111231619	5.140557175	5.168738528
61	2.362047046	2.95794795	3.310715269	3.560494575	3.75306803	3.90927829	4.040375963	4.153119841	4.251883096	4.339654939	4.41856697	4.490191376	4.555720112	4.616077812	4.671995782	4.724062112	4.772756589	4.81847561	4.861550338	4.902260198	4.940843054	4.977503018	5.012416509	5.045737014	5.077598877	5.108120338	5.137405985	5.165548773
62	2.361459693	2.957037772	3.309565121	3.559150354	3.751559918	3.907627947	4.038599793	4.151230748	4.249891525	4.337569531	4.416395	4.487939061	4.553392828	4.613680255	4.669532093	4.721535971	4.770171289	4.815834113	4.858855326	4.899514109	4.938048116	4.974661274	5.009529838	5.042807154	5.074627438	5.105108813	5.134355768	5.162461164
63	2.360891263	2.956156929	3.308452016	3.557849383	3.750100274	3.906030582	4.036880575	4.149402161	4.247963673	4.335550773	4.414292378	4.485758589	4.551139707	4.611359032	4.667146775	4.71909012	4.76766809	4.813276435	4.856245765	4.896855026	4.935341668	4.971909437	5.006734435	5.039969865	5.071749822	5.102192318	5.131401742	5.159470866
64	2.360340856	2.955304024	3.307374193	3.556589607	3.748686797	3.904483684	4.035215612	4.147631216	4.246096528	4.333595521	4.412255833	4.483646574	4.548957259	4.609110552	4.664836144	4.716720787	4.765243141	4.810798647	4.853717653	4.894278876	4.932719568	4.969243304	5.004026032	5.037220823	5.068961649	5.099366417	5.128539419	5.156573343
65	2.359807628	2.95447775	3.30633	3.5553691	3.747317333	3.902984898	4.033602376	4.145915232	4.244287268	4.331700822	4.410282297	4.481599841	4.546842208	4.606931447	4.662596745	4.714424435	4.762892826	4.80839706	4.85126723	4.891781833	4.93017793	4.966658928	5.001400628	5.034555968	5.066258808	5.096626949	5.125764591	5.153764337
66	2.359290787	2.953676878	3.305317888	3.554186053	3.745989856	3.901532014	4.032038492	4.144251687	4.24253324	4.329863906	4.40836889	4.479615409	4.544791479	4.604818554	4.660425332	4.712197741	4.760613749	4.80606821	4.848890968	4.889360307	4.927713104	4.964152602	4.998854459	5.031971488	5.063637436	5.093970003	5.1230733	5.151039849
67	2.358789589	2.952900255	3.304336401	3.55303877	3.744702713	3.900122954	4.03052173	4.142638214	4.240831953	4.328082169	4.406512903	4.477690474	4.54280218	4.602768898	4.658318853	4.71003758	4.758402718	4.803808838	4.846585547	4.887010921	4.925321655	4.961720838	4.996383988	5.029463797	5.0610939	5.091391901	5.120461825	5.148396114
68	2.358303335	2.952146795	3.303384169	3.551925651	3.743453624	3.898755766	4.029049992	4.141072585	4.239181063	4.32635316	4.404711791	4.475822398	4.54087159	4.600779681	4.656274438	4.707941014	4.756256727	4.801615879	4.844347843	4.884730494	4.923000353	4.959360356	4.993985887	5.027029518	5.05862478	5.088889182	5.117926664	5.145829592
69	2.357831367	2.951415479	3.302459904	3.550845193	3.742241148	3.897428609	4.027621301	4.139552703	4.237578363	4.324674572	4.402963153	4.4740087	4.538997147	4.598848267	4.654289381	4.705905272	4.754172948	4.799486446	4.842174914	4.882516032	4.920746153	4.957068064	4.991657017	5.024665471	5.056226854	5.086458583	5.115464515	5.143336943
70	2.357373063	2.950705343	3.301562391	3.54979598	3.741063698	3.896139751	4.026233797	4.138076591	4.236021773	4.323044231	4.401264728	4.472247036	4.537176436	4.596972171	4.652361133	4.703927744	4.752148711	4.797417815	4.840063985	4.880364712	4.918556185	4.954841046	4.989394422	5.022368658	5.053897084	5.084097027	5.113072266	5.14091502
71	2.356927839	2.950015482	3.300690486	3.548776676	3.739919778	3.894887558	4.024885722	4.136642386	4.23450933	4.321460085	4.399614385	4.4705352	4.535407177	4.59514905	4.650487288	4.702005967	4.750181499	4.795407418	4.838012438	4.87827387	4.916427739	4.952676551	4.987195308	5.020136247	5.051632601	5.081801611	5.110746978	5.138560851
72	2.356495143	2.949345039	3.299843108	3.547786019	3.738807976	3.893670739	4.023575421	4.135248326	4.233039183	4.319920199	4.398010108	4.468871105	4.533687221	4.59337669	4.648665576	4.700137615	4.748268934	4.793452827	4.836017801	4.876240987	4.914358258	4.95057198	4.985057039	5.017965565	5.049430697	5.079569592	5.108485876	5.13627163
73	2.356074454	2.948693205	3.299019237	3.546822819	3.737726958	3.892487338	4.022301326	4.13389275	4.231609581	4.318422742	4.396449995	4.467252782	4.532014532	4.591653	4.646893849	4.698320489	4.74640877	4.79155175	4.834077737	4.874263687	4.912345321	4.948524877	4.982977121	5.015854084	5.04728881	5.077398377	5.106286335	5.134044702
74	2.355665278	2.948059216	3.298217907	3.54588595	3.736675463	3.891336224	4.021061958	4.132574086	4.230218869	4.316965984	4.394932247	4.465678366	4.530387189	4.589976	4.645170077	4.69655251	4.74459888	4.789702018	4.832190034	4.872339717	4.910386642	4.946532918	4.980953198	5.013799412	5.045204517	5.075285511	5.104145873	5.131877555
75	2.35526715	2.94744235	3.297438207	3.544974347	3.735652298	3.890216093	4.019855916	4.131290846	4.228865483	4.315548288	4.393455161	4.464146095	4.528803372	4.588343818	4.643492339	4.69483171	4.742837253	4.787901576	4.830352599	4.870466948	4.908480055	4.944593902	4.978983035	5.011799286	5.043175524	5.073228672	5.102062138	5.129768093
76	2.354879627	2.946841922	3.296679272	3.544087001	3.734656333	3.88912571	4.018682132	4.130041621	4.227547937	4.314168103	4.392017124	4.462654297	4.527261356	4.586754681	4.641858812	4.693156224	4.741121982	4.786148479	4.828563451	4.868643362	4.906623506	4.942705745	4.977064517	5.009851559	5.041199658	5.071225937	5.100033189	5.127713516
77	2.354502292	2.946257284	3.295940284	3.543222957	3.733686498	3.888063907	4.017538837	4.128825076	4.226264828	4.31282396	4.390616607	4.461201391	4.525759508	4.585206907	4.640267773	4.691524285	4.739451261	4.784440883	4.826820708	4.866867044	4.904815051	4.94086647	4.975195638	5.007954198	5.039275141	5.069274675	5.098056356	5.125711954
78	2.354134748	2.945687821	3.295220466	3.542381309	3.732741777	3.887029573	4.016425093	4.127640205	4.225014822	4.311514465	4.38925216	4.459785873	4.524296278	4.583698902	4.638717584	4.689934216	4.737823375	4.782777039	4.825122588	4.86513618	4.903052842	4.939074203	4.973374778	5.006105564	5.037399461	5.06737317	5.096129905	5.123761378
79	2.35377662	2.945132949	3.294519082	3.541561197	3.731821207	3.886021658	4.015339767	4.126485293	4.223796655	4.310238294	4.387922408	4.458406319	4.522870195	4.582229151	4.637206691	4.688384425	4.736236697	4.781155284	4.823467397	4.863449045	4.901335409	4.93732745	4.971599576	5.004303254	5.035571032	5.065519542	5.094251933	5.121859863
80	2.353427549	2.944592116	3.293835433	3.540761805	3.730923875	3.88503916	4.014281787	4.125359453	4.222609388	4.308994192	4.386626042	4.457061375	4.521479862	4.580796217	4.635733617	4.6868734	4.734689681	4.779574042	4.821853806	4.861804288	4.899660536	4.935623956	4.969868585	5.002545806	5.033788091	5.063712003	5.092420632	5.12000558
81	2.353087196	2.944064794	3.293168854	3.539982357	3.73004891	3.884081131	4.01325013	4.124261601	4.221451359	4.307781229	4.385361822	4.455749755	4.52012395	4.579398734	4.634296961	4.685399978	4.733181136	4.778032095	4.820279739	4.860199793	4.898026909	4.933962388	4.968180173	5.000831564	5.032048959	5.061948854	5.090634281	5.118196788
82	2.35275524	2.943550485	3.292518715	3.539222117	3.729195488	3.883146667	4.012243828	4.123190706	4.22032174	4.306597747	4.384128835	4.454470503	4.518801468	4.578035673	4.632895664	4.683962254	4.731709117	4.776527461	4.818744009	4.858634352	4.896433022	4.932341216	4.966532787	4.999158953	5.030352039	5.060228479	5.088891244	5.116431833
83	2.352431372	2.943048711	3.291884414	3.538480383	3.728362822	3.88223491	4.011261956	4.122145786	4.219219498	4.305442923	4.382925426	4.453221925	4.517510679	4.576705261	4.631527911	4.682559191	4.730272563	4.775059053	4.817245232	4.857106556	4.894877442	4.930758985	4.96492495	4.997526474	5.028695813	5.058549338	5.087189964	5.114709139
84	2.352115302	2.942559021	3.29126538	3.537756488	3.727550164	3.881345042	4.010303635	4.121125909	4.218143649	4.304315729	4.381750785	4.452003173	4.516250701	4.575406583	4.630192761	4.681189551	4.728870206	4.773625579	4.815782089	4.855615062	4.893358803	4.929214307	4.963355251	4.995932697	5.027078832	5.056909965	5.085528956	5.113027204
85	2.35180675	2.942080983	3.290661068	3.537049795	3.726756801	3.880476284	4.009368029	4.120130183	4.217093257	4.303215184	4.380603895	4.450813191	4.515020445	4.574138518	4.628889062	4.679852152	4.72750084	4.772225807	4.814353324	4.854158592	4.891875804	4.92770586	4.96182235	4.994376263	5.025499717	5.055308963	5.083906807	5.111384597
86	2.351505451	2.941614186	3.290070959	3.536359699	3.725982054	3.879627894	4.008454338	4.119157762	4.216067428	4.302140355	4.379483782	4.449650972	4.513818871	4.572899995	4.627615714	4.678545869	4.726163313	4.77085856	4.812957739	4.852735925	4.890427204	4.926232382	4.960324967	4.992855873	5.023957153	5.053744999	5.082322166	5.109779955
87	2.351211154	2.941158238	3.289494558	3.535685621	3.725225276	3.878799163	4.007561802	4.118207836	4.21506531	4.301090351	4.378389519	4.448515555	4.512644987	4.571689994	4.62637167	4.677269628	4.724856527	4.769522719	4.81159419	4.851345897	4.88901182	4.924792672	4.958861881	4.991370289	5.022449884	5.052216803	5.080773748	5.108211975
88	2.350923616	2.940712765	3.288931394	3.535027011	3.724485849	3.877989416	4.006689694	4.117279634	4.214086091	4.300064321	4.377320222	4.447406023	4.511497846	4.57050754	4.62515593	4.676022404	4.723579434	4.768217212	4.810261587	4.849987397	4.887628521	4.923385581	4.957431926	4.989918327	5.020976712	5.05072316	5.079260324	5.106679413
89	2.350642607	2.940277411	3.288381014	3.534383341	3.723763182	3.877198009	4.00583732	4.116372418	4.213128995	4.299061453	4.376275046	4.446321502	4.510376545	4.569351703	4.623967538	4.674803218	4.722331033	4.766941017	4.808958887	4.848659365	4.886276228	4.922010013	4.956033989	4.988498859	5.019536492	5.04926291	5.077780718	5.105181083
90	2.350367908	2.939851834	3.287842989	3.533754111	3.723056712	3.876424324	4.005004019	4.115485486	4.21219328	4.298080971	4.375253184	4.445261154	4.509280219	4.568221593	4.62280558	4.673611135	4.721110368	4.765693159	4.807685095	4.847360786	4.88495391	4.920664918	4.954667005	4.987110806	5.018128129	5.047834945	5.076333811	5.103715849
91	2.350099308	2.939435709	3.287316907	3.533138837	3.722365901	3.875667773	4.004189158	4.114618164	4.211278237	4.297122134	4.374253863	4.444224181	4.508208045	4.567116362	4.621669186	4.672445261	4.719916523	4.764472702	4.806439258	4.84609069	4.883660581	4.919349296	4.953329957	4.985753135	5.016750578	5.046438206	5.074918528	5.102282626
92	2.349836606	2.939028724	3.286802376	3.532537063	3.721690233	3.874927794	4.00339213	4.113769808	4.21038319	4.296184233	4.373276346	4.443209817	4.507159231	4.566035196	4.620557519	4.671304741	4.718748624	4.763278754	4.805220466	4.84484815	4.882395296	4.918062188	4.952021873	4.984424859	5.015402839	5.045071679	5.073533844	5.100880375
93	2.349579611	2.938630582	3.286299018	3.531948347	3.721029217	3.874203847	4.002612357	4.112939804	4.209507488	4.29526659	4.372319927	4.44221733	4.506133022	4.564977317	4.619469782	4.670188756	4.717605835	4.762110461	4.804027848	4.843632279	4.881157154	4.916802675	4.95074182	4.983125033	5.014083952	5.043734393	5.072178777	5.099508103
94	2.349328137	2.938240997	3.285806474	3.53137227	3.72038238	3.873495417	4.001849284	4.112127563	4.208650513	4.294368555	4.37138393	4.441246022	4.505128697	4.563941982	4.618405209	4.669096522	4.716487353	4.760967004	4.802860568	4.842442227	4.879945289	4.91556988	4.949488907	4.981852753	5.012793001	5.042425419	5.070852385	5.098164857
95	2.34908201	2.937859697	3.285324399	3.530808429	3.719749271	3.872802011	4.001102381	4.111332519	4.207811669	4.293489506	4.370467708	4.44029522	4.50414556	4.562928476	4.617363068	4.66802729	4.715392411	4.759847598	4.801717828	4.841277179	4.878758875	4.91436296	4.948262278	4.980607151	5.011529107	5.041143868	5.069553768	5.096849727
96	2.34884106	2.937486419	3.284852462	3.530256439	3.719129458	3.872123155	4.000371139	4.110554133	4.206990387	4.292628848	4.369570641	4.439364282	4.50318295	4.561936117	4.616342658	4.66698034	4.714320274	4.758751494	4.800598861	4.840136356	4.877597116	4.91318111	4.947061116	4.979387396	5.010291428	5.039888885	5.068282061	5.095561837
97	2.348605126	2.937120914	3.284390348	3.529715928	3.718522526	3.871458397	3.99965507	4.109791886	4.206186121	4.291786009	4.368692133	4.438452591	4.502240229	4.560964249	4.615343305	4.665954982	4.713270236	4.757677969	4.799502932	4.83901901	4.876459251	4.912023556	4.945884635	4.978192693	5.009079156	5.038659653	5.067036436	5.09430035
98	2.348374053	2.936762941	3.283937752	3.529186544	3.717928079	3.870807301	3.998953707	4.109045281	4.205398348	4.290960441	4.367831615	4.437559558	4.501316788	4.560012244	4.614364365	4.664950555	4.71224162	4.756626335	4.798429339	4.837924422	4.875344552	4.910889556	4.944732081	4.977022275	5.007891516	5.037455387	5.065816098	5.093064461
99	2.348147692	2.93641227	3.283494384	3.528667945	3.717345733	3.870169452	3.998266601	4.108313842	4.204626565	4.290151618	4.36698854	4.436684614	4.50041204	4.559079499	4.613405218	4.663966425	4.711233778	4.755595927	4.797377403	4.836851904	4.874252317	4.909778399	4.943602731	4.975875412	5.006727765	5.036275333	5.064620286	5.091853398
100	2.3479259	2.936068679	3.283059964	3.528159807	3.716775125	3.869544447	3.997593323	4.107597112	4.203870291	4.289359038	4.366162383	4.435827216	4.499525424	4.558165435	4.612465269	4.663001981	4.710246086	4.754586109	4.796346477	4.835800796	4.873181875	4.908689399	4.942495893	4.974751397	5.005587189	5.035118768	5.063448265	5.090666422
101	2.347708542	2.935731958	3.282634226	3.527661816	3.716215905	3.868931907	3.996933462	4.106894655	4.203129066	4.288582218	4.365352643	4.434986846	4.498656405	4.557269502	4.611543954	4.662056646	4.709277952	4.753596276	4.795335943	4.834770469	4.872132585	4.907621909	4.941410905	4.973649562	5.00446911	5.033985006	5.062299343	5.089502828
102	2.347495485	2.935401901	3.28221691	3.52717367	3.71566773	3.868331458	3.996286615	4.106206041	4.202402439	4.287820687	4.36455883	4.434162992	4.497804455	4.556391157	4.610640713	4.661129846	4.70832879	4.75262583	4.79434519	4.8337603	4.871103814	4.906575284	4.940347115	4.972569244	5.003372855	5.032873363	5.061172826	5.088361916
103	2.347286602	2.935078312	3.281807768	3.526695081	3.71513028	3.867742746	3.995652404	4.10553087	4.201689986	4.287074	4.363780479	4.433355178	4.496969081	4.555529889	4.609755025	4.660221046	4.707398051	4.751674211	4.793373649	4.832769709	4.870094971	4.905548923	4.939303912	4.971509823	5.002297796	5.031783205	5.060068072	5.087243036
104	2.347081772	2.934761004	3.281406564	3.526225769	3.714603242	3.867165431	3.995030462	4.10486875	4.200991296	4.286341727	4.363017145	4.432562937	4.496149803	4.554685207	4.608886382	4.659329727	4.706485206	4.750740877	4.792420765	4.831798132	4.869105484	4.904542244	4.938280704	4.970470699	5.001243325	5.030713915	5.058984456	5.086145556
105	2.346880878	2.934449794	3.281013068	3.525765469	3.714086316	3.866599186	3.994420436	4.104219308	4.200305974	4.285623456	4.362268396	4.431785826	4.495346159	4.553856635	4.608034297	4.658455388	4.705589742	4.749825304	4.791486006	4.830845026	4.868134799	4.903554686	4.937276922	4.969451294	5.000208855	5.029664899	5.057921378	5.085068867
106	2.346683808	2.93414451	3.280627061	3.525313924	3.713579215	3.866043694	3.993821987	4.103582182	4.19963364	4.284918788	4.361533818	4.431023413	4.494557708	4.553043717	4.607198301	4.657597549	4.704711167	4.748926992	4.79056886	4.82990987	4.867182387	4.902585708	4.936292017	4.968451052	4.999193823	5.028635585	5.056878257	5.084012384
107	2.346490454	2.933844982	3.28024833	3.524870885	3.71308166	3.865498653	3.993234788	4.102957025	4.198973928	4.284227341	4.360813014	4.430275286	4.493784021	4.552246013	4.606377942	4.656755748	4.703849009	4.748045455	4.789668834	4.828992161	4.866247734	4.901634792	4.935325462	4.967469438	4.998197685	5.027625424	5.055854538	5.082975543
108	2.346300711	2.933551051	3.279876672	3.524436114	3.712593386	3.86496377	3.992658526	4.102343503	4.198326486	4.283548746	4.360105598	4.429541047	4.493024688	4.5514631	4.605572785	4.655929537	4.70300281	4.74718023	4.788785451	4.828091415	4.86533035	4.900701436	4.934376749	4.966505934	4.997219919	5.026633885	5.054849684	5.0819578
109	2.34611448	2.933262561	3.27951189	3.524009383	3.712114133	3.864438763	3.992092897	4.101741295	4.197690974	4.282882647	4.359411202	4.428820312	4.492279313	4.550694571	4.604782413	4.655118489	4.702172133	4.746330866	4.787918256	4.827207166	4.86442976	4.899785159	4.933445387	4.965560045	4.99626002	5.025660458	5.053863177	5.080958634
110	2.345931663	2.932979361	3.279153796	3.523590471	3.711643656	3.863923363	3.991537611	4.10115009	4.197067067	4.282228703	4.358729469	4.428112714	4.491547515	4.549940032	4.60400642	4.65432219	4.701356553	4.745496931	4.787066806	4.826338965	4.863545507	4.898885495	4.932530905	4.964631292	4.995317504	5.024704651	5.05289452	5.079977539
111	2.345752169	2.932701308	3.278802207	3.523179164	3.711181714	3.863417307	3.990992384	4.100569589	4.196454449	4.281586584	4.358060055	4.427417894	4.490828926	4.549199104	4.603244419	4.65354024	4.700555663	4.74467801	4.786230676	4.825486378	4.862677149	4.898001997	4.931632848	4.963719214	4.994391902	5.02376599	5.051943233	5.079014029
112	2.345575906	2.932428263	3.278456948	3.522775257	3.710728078	3.862920344	3.990456948	4.099999504	4.195852816	4.280955971	4.357402631	4.426735512	4.490123191	4.548471424	4.602496034	4.652772255	4.699769069	4.743873699	4.785409458	4.824648989	4.861824263	4.897134233	4.930750777	4.962823364	4.993482763	5.022844017	5.051008851	5.078067636
113	2.345402789	2.932160091	3.278117848	3.522378552	3.710282526	3.86243223	3.98993104	4.099439558	4.195261876	4.28033656	4.356756876	4.426065235	4.489429969	4.547756638	4.601760903	4.652017865	4.698996391	4.743083611	4.784602754	4.823826393	4.860986438	4.896281786	4.929884269	4.961943313	4.992589651	5.021938291	5.050090929	5.077137908
114	2.345232733	2.931896664	3.277784746	3.521988859	3.709844843	3.861952732	3.989414409	4.098889482	4.194681345	4.279728053	4.356122482	4.425406743	4.48874893	4.547054406	4.601038678	4.651276711	4.698237264	4.742307373	4.783810185	4.823018204	4.860163278	4.895444254	4.929032915	4.961078648	4.991712146	5.021048386	5.049189034	5.076224407
115	2.345065659	2.931637856	3.277457483	3.521605992	3.709414823	3.861481623	3.98890681	4.098349017	4.194110952	4.279130165	4.355499153	4.42475973	4.488079755	4.546364402	4.60032902	4.650548448	4.697491335	4.741544622	4.78303138	4.822224044	4.859354402	4.894621249	4.928196322	4.960228967	4.990849842	5.020173891	5.048302751	5.075326713
116	2.344901489	2.931383548	3.277135906	3.521229775	3.708992267	3.861018686	3.98840801	4.097817915	4.193550433	4.278542621	4.354886602	4.424123897	4.487422137	4.545686307	4.599631606	4.649832743	4.696758261	4.740795011	4.782265986	4.821443552	4.858559441	4.893812396	4.927374109	4.959393885	4.990002347	5.019314409	5.047431677	5.074444418
117	2.344740148	2.931133622	3.276819869	3.520860036	3.708576981	3.860563708	3.987917781	4.097295932	4.192999533	4.277965154	4.35428455	4.423498958	4.486775779	4.545019818	4.598946121	4.649129274	4.696037714	4.740058203	4.781513657	4.820676378	4.85777804	4.893017333	4.926565907	4.958573028	4.989169284	5.018469557	5.046575425	5.07357713
118	2.344581563	2.930887966	3.276509231	3.520496608	3.70816878	3.860116488	3.987435905	4.096782838	4.192458008	4.277397508	4.353692731	4.422884633	4.486140394	4.544364637	4.598272261	4.648437728	4.695329374	4.739333872	4.780774063	4.819922185	4.857009852	4.89223571	4.925771362	4.957766036	4.988350286	5.017638963	5.045733619	5.072724469
119	2.344425664	2.930646473	3.276203853	3.520139332	3.707767484	3.859676827	3.986962169	4.096278406	4.19192562	4.276839433	4.353110886	4.422280656	4.485515705	4.543720479	4.597609733	4.647757807	4.694632935	4.738621704	4.780046883	4.819180644	4.856254548	4.891467189	4.92499013	4.956972561	4.987545001	5.016822271	5.044905896	5.071886067
120	2.344272384	2.930409036	3.275903603	3.519788052	3.707372919	3.859244537	3.986496369	4.095782419	4.191402139	4.276290691	4.352538764	4.421686767	4.484901445	4.543087069	4.596958253	4.647089218	4.693948098	4.737921396	4.779331807	4.818451441	4.855511804	4.890711444	4.92422188	4.956192265	4.986753085	5.016019133	5.044091905	5.07106157
121	2.344121656	2.930175555	3.275608354	3.519442619	3.706984917	3.858819432	3.986038307	4.095294667	4.190887344	4.275751048	4.351976124	4.421102715	4.484297353	4.54246414	4.596317548	4.646431681	4.693274576	4.737232653	4.778628534	4.817734269	4.85478131	4.889968158	4.92346629	4.955424823	4.98597421	5.015229215	5.043291308	5.070250635
122	2.343973419	2.929945932	3.275317981	3.519102888	3.706603316	3.858401336	3.985587793	4.094814946	4.19038102	4.27522028	4.351422733	4.420528258	4.483703181	4.541851434	4.595687352	4.645784925	4.692612092	4.736555191	4.777936776	4.817028834	4.854062766	4.889237025	4.92272305	4.954669919	4.985208056	5.014452193	5.042503777	5.069452929
123	2.34382761	2.929720071	3.275032365	3.518768719	3.706227959	3.857990077	3.98514464	4.09434306	4.189882961	4.27469817	4.350878363	4.419963161	4.483118685	4.541248701	4.595067408	4.645148685	4.691960375	4.735888735	4.777256251	4.81633485	4.85335588	4.888517751	4.921991859	4.953927249	4.984454313	5.013687754	5.041728994	5.068668132
124	2.343684171	2.929497882	3.274751389	3.518439976	3.705858693	3.857585488	3.984708671	4.093878817	4.189392965	4.274184508	4.350342797	4.419407198	4.48254363	4.5406557	4.59445747	4.644522708	4.691319165	4.73523302	4.776586688	4.815652039	4.852660372	4.887810048	4.921272427	4.953196518	4.983712682	5.012935595	5.040966653	5.067895932
125	2.343543044	2.929279274	3.274474941	3.518116529	3.705495372	3.857187408	3.984279712	4.093422035	4.188910838	4.273679091	4.349815821	4.418860148	4.481977791	4.540072196	4.593857295	4.643906747	4.690688211	4.734587787	4.775927824	4.814980135	4.851975967	4.88711364	4.920564472	4.95247744	4.982982873	5.012195421	5.040216455	5.067136028
126	2.343404173	2.929064163	3.274202914	3.517798251	3.705137854	3.856795682	3.983857594	4.092972534	4.188436392	4.273181721	4.349297232	4.418321799	4.481420947	4.539497963	4.593266652	4.643300564	4.690067267	4.733952787	4.775279405	4.814318878	4.851302404	4.886428258	4.919867722	4.951769739	4.982264606	5.011466949	5.039478112	5.06638813
127	2.343267506	2.928852466	3.273935201	3.517485018	3.704785999	3.856410158	3.983442157	4.092530142	4.187969445	4.272692208	4.348786831	4.417791945	4.480872885	4.538932783	4.592685315	4.642703927	4.689456099	4.733327778	4.774641184	4.813668017	4.850639425	4.885753642	4.919181913	4.951073145	4.98155761	5.010749902	5.038751347	5.065651954
128	2.34313299	2.9286441	3.273671701	3.517176711	3.704439675	3.85603069	3.983033241	4.092094692	4.187509821	4.272210367	4.348284424	4.417270387	4.4803334	4.538376442	4.592113067	4.642116614	4.688854476	4.732712527	4.774012923	4.813027308	4.849986783	4.885089541	4.918506789	4.950387401	4.98086162	5.010044016	5.038035888	5.064927227
129	2.343000574	2.92843899	3.273412315	3.516873216	3.704098753	3.855657138	3.982630696	4.09166602	4.187057348	4.271736019	4.347789827	4.416756931	4.47980229	4.537828736	4.591549694	4.641538406	4.688262176	4.732106807	4.77339439	4.812396516	4.849344239	4.884435711	4.917842101	4.949712254	4.980176382	5.009349029	5.037331474	5.064213684
130	2.34287021	2.928237058	3.273156948	3.516574421	3.703763107	3.855289362	3.982234373	4.091243971	4.186611861	4.271268991	4.347302857	4.41625139	4.479279364	4.537289463	4.590994994	4.640969094	4.687678985	4.731510397	4.77278536	4.811775412	4.84871156	4.883791915	4.917187611	4.949047461	4.979501648	5.008664693	5.03663785	5.063511068
131	2.34274185	2.928038231	3.272905506	3.516280216	3.703432615	3.854927232	3.981844129	4.090828392	4.1861732	4.270809114	4.346823341	4.415753581	4.478764433	4.536758432	4.590448766	4.640408474	4.687104695	4.730923086	4.772185617	4.811163775	4.84808852	4.883157923	4.916543084	4.948392784	4.978837179	5.007990764	5.035954772	5.06281913
132	2.342615449	2.927842439	3.272657901	3.515990498	3.70310716	3.854570616	3.981459825	4.090419136	4.185741208	4.270356226	4.346351107	4.41526333	4.478257315	4.536235454	4.589910818	4.639856349	4.686539102	4.730344665	4.77159495	4.810561389	4.8474749	4.882533514	4.915908296	4.947747996	4.978182743	5.007327007	5.035281999	5.062137627
133	2.342490962	2.927649612	3.272414044	3.515705164	3.702786627	3.854219392	3.981081327	4.090016058	4.185315735	4.269910168	4.345885992	4.414780465	4.477757833	4.535720348	4.589380964	4.639312526	4.68598201	4.729774936	4.771013154	4.809968047	4.84687049	4.881918472	4.915283027	4.947112873	4.977538112	5.006673192	5.034619301	5.061466327
134	2.342368347	2.927459684	3.272173852	3.515424115	3.702470906	3.853873436	3.980708504	4.08961902	4.184896635	4.269470787	4.345427835	4.414304821	4.477265817	4.535212937	4.588859021	4.638776821	4.68543323	4.729213702	4.77044003	4.809383547	4.846275081	4.881312588	4.914667064	4.946487199	4.97690307	5.006029098	5.033966452	5.060805001
135	2.34224756	2.92727259	3.271937243	3.515147257	3.702159888	3.853532632	3.980341229	4.089227888	4.184483764	4.269037935	4.344976482	4.413836237	4.4767811	4.53471305	4.588344815	4.638249052	4.684892577	4.728660776	4.769875387	4.808807691	4.845688476	4.880715658	4.914060201	4.945870766	4.976277402	5.00539451	5.033323235	5.060153428
136	2.342128562	2.927088266	3.271704136	3.514874495	3.701853471	3.853196866	3.97997938	4.088842531	4.184076986	4.268611466	4.344531783	4.413374556	4.476303521	4.534220522	4.587838174	4.637729044	4.684359871	4.728115975	4.769319037	4.808240291	4.84511048	4.880127486	4.913462238	4.94526337	4.975660904	5.004769218	5.032689438	5.059511395
137	2.342011312	2.926906652	3.271474455	3.514605739	3.701551551	3.852866025	3.979622837	4.088462822	4.183676166	4.268191241	4.34409359	4.412919627	4.475832924	4.533735189	4.587338932	4.637216628	4.683834939	4.727579121	4.768770799	4.807681159	4.844540905	4.879547879	4.912872981	4.944664813	4.975053375	5.004153021	5.032064855	5.058878693
138	2.341895774	2.926727689	3.271248125	3.514340903	3.701254032	3.852540004	3.979271484	4.088088636	4.183281175	4.267777123	4.343661763	4.412471304	4.475369156	4.533256897	4.586846929	4.636711638	4.683317611	4.72705004	4.768230497	4.807130119	4.843979568	4.878976653	4.91229224	4.944074905	4.974454621	5.00354572	5.031449288	5.05825512
139	2.341781909	2.926551318	3.271025072	3.5140799	3.700960817	3.852218697	3.978925209	4.087719856	4.182891886	4.26736898	4.343236164	4.412029443	4.47491207	4.532785493	4.586362009	4.636213914	4.682807723	4.726528566	4.767697959	4.806586994	4.843426293	4.878413627	4.911719833	4.943493458	4.973864453	5.002947125	5.030842542	5.05764048
140	2.341669681	2.926377484	3.270805227	3.513822648	3.700671814	3.851902002	3.978583902	4.087356364	4.182508176	4.266966684	4.342816658	4.411593906	4.474461522	4.532320829	4.585884018	4.6357233	4.682305117	4.726014536	4.76717302	4.806051615	4.842880905	4.877858625	4.91115558	4.942920293	4.973282687	5.00235705	5.030244428	5.057034583
141	2.341559056	2.926206132	3.27058852	3.513569067	3.700386933	3.851589822	3.978247458	4.086998048	4.182129927	4.266570111	4.342403116	4.411164558	4.474017374	4.531862762	4.585412811	4.635239646	4.681809637	4.725507791	4.766655517	4.805523819	4.842343238	4.877311477	4.91059931	4.942355233	4.972709145	5.001775313	5.029654765	5.056437242
142	2.34145	2.92603721	3.270374886	3.513319078	3.700106086	3.85128206	3.977915773	4.086644797	4.181757023	4.266179138	4.341995412	4.410741267	4.473579489	4.531411152	4.584948243	4.634762803	4.681321133	4.725008177	4.766145295	4.805003445	4.841813129	4.876772017	4.910050854	4.941798108	4.972143655	5.00120174	5.029073373	5.055848279
143	2.341342478	2.925870667	3.270164258	3.513072607	3.699829187	3.850978623	3.977588746	4.086296505	4.181389351	4.265793648	4.341593423	4.410323907	4.473147737	4.530965863	4.584490175	4.63429263	4.680839458	4.724515545	4.7656422	4.804490337	4.84129042	4.876240085	4.909510049	4.941248751	4.971586047	5.00063616	5.028500081	5.055267518
144	2.34123646	2.925706452	3.269956574	3.512829579	3.699556156	3.850679421	3.977266281	4.085953069	4.181026802	4.265413527	4.341197029	4.409912354	4.472721988	4.530526765	4.584038472	4.633828987	4.68036447	4.724029749	4.765146084	4.803984344	4.840774957	4.875715525	4.908976734	4.940707002	4.971036158	5.000078407	5.027934719	5.054694788
145	2.341131913	2.925544517	3.269751772	3.512589923	3.69928691	3.850384365	3.976948283	4.085614387	4.18066927	4.265038663	4.340806115	4.409506487	4.47230212	4.530093727	4.583593002	4.633371738	4.679896031	4.723550649	4.764656803	4.803485319	4.84026659	4.875198183	4.908450757	4.940172703	4.970493829	4.999528318	5.027377125	5.054129925
146	2.341028808	2.925384814	3.269549794	3.512353568	3.699021371	3.85009337	3.976634659	4.085280362	4.18031665	4.264668947	4.340420567	4.40910619	4.47188801	4.529666627	4.583153636	4.632920754	4.679434006	4.723078107	4.764174216	4.80299312	4.839765173	4.874687911	4.907931966	4.939645701	4.969958904	4.998985739	5.02682714	5.053572767
147	2.340927114	2.925227299	3.269350581	3.512120448	3.698759465	3.849806353	3.976325319	4.084950898	4.179968844	4.264304275	4.340040277	4.408711348	4.471479542	4.529245342	4.582720251	4.632475905	4.678978265	4.722611988	4.763698188	4.802507608	4.839270565	4.874184567	4.907420215	4.939125849	4.969431234	4.998450515	5.026284608	5.053023158
148	2.340826803	2.925071926	3.269154076	3.511890496	3.698501116	3.849523233	3.976020178	4.084625903	4.179625752	4.263944544	4.339665136	4.408321851	4.4710766	4.528829755	4.582292724	4.632037067	4.678528679	4.722152163	4.763228585	4.802028646	4.838782629	4.873688009	4.906915361	4.938613001	4.968910672	4.997922498	5.025749379	5.052480945
149	2.340727847	2.924918652	3.268960225	3.511663648	3.698246252	3.84924393	3.975719148	4.084305285	4.179287279	4.263589654	4.339295042	4.40793759	4.470679074	4.528419751	4.581870938	4.63160412	4.678085126	4.721698506	4.762765277	4.801556103	4.83830123	4.873198102	4.906417267	4.938107017	4.968397074	4.997401543	5.025221308	5.051945981
150	2.340630219	2.924767435	3.268768975	3.511439842	3.697994805	3.848968369	3.975422149	4.083988958	4.178953334	4.263239509	4.338929893	4.407558462	4.470286855	4.528015218	4.581454778	4.631176945	4.677647485	4.721250892	4.76230814	4.801089851	4.837826237	4.872714712	4.905925797	4.937607761	4.967890303	4.99688751	5.02470025	5.051418119
151	2.340533892	2.924618234	3.268580273	3.511219017	3.697746704	3.848696474	3.9751291	4.083676835	4.178623825	4.262894013	4.33856959	4.407184363	4.469899836	4.527616047	4.581044133	4.630755428	4.677215637	4.720809203	4.761857051	4.800629765	4.837357524	4.872237711	4.90544082	4.937115098	4.967390222	4.996380262	5.024186067	5.050897221
152	2.34043884	2.924471008	3.268394069	3.511001113	3.697501885	3.848428173	3.974839922	4.083368833	4.178298665	4.262553074	4.338214038	4.406815195	4.469517916	4.527222132	4.580638892	4.630339457	4.67678947	4.72037332	4.76141189	4.800175724	4.836894966	4.871766972	4.904962208	4.936628898	4.966896701	4.995879665	5.023678625	5.050383148
153	2.340345038	2.924325718	3.268210313	3.510786073	3.697260282	3.848163395	3.97455454	4.083064872	4.177977768	4.262216603	4.337863143	4.406450861	4.469140995	4.526833371	4.580238951	4.629928923	4.676368871	4.719943131	4.760972542	4.799727609	4.836438444	4.871302373	4.904489837	4.936149037	4.96640961	4.995385589	5.023177791	5.049875768
154	2.340252462	2.924182327	3.268028958	3.510573842	3.697021832	3.847902071	3.974272878	4.082764872	4.177661051	4.261884514	4.337516815	4.406091265	4.468768974	4.526449662	4.579844205	4.629523721	4.675953732	4.719518525	4.760538893	4.799285305	4.83598784	4.870843794	4.904023585	4.935675389	4.965928826	4.994897908	5.022683437	5.049374951
155	2.340161087	2.924040798	3.267849957	3.510364364	3.696786474	3.847644134	3.973994865	4.082468756	4.177348432	4.26155672	4.337174965	4.405736317	4.468401759	4.526070908	4.579454555	4.629123747	4.675543948	4.719099392	4.760110833	4.7988487	4.83554304	4.87039112	4.903563334	4.935207837	4.965454225	4.994416498	5.022195438	5.048880571
156	2.340070891	2.923901094	3.267673264	3.510157586	3.696554149	3.847389518	3.97372043	4.08217645	4.177039834	4.261233138	4.336837506	4.405385927	4.468039258	4.525697014	4.579069902	4.628728901	4.675139414	4.718685629	4.759688254	4.798417683	4.835103931	4.869944237	4.90310897	4.934746261	4.964985691	4.993941238	5.021713672	5.048392503
157	2.339981851	2.923763181	3.267498835	3.509953456	3.696324798	3.84713816	3.973449505	4.08188788	4.176735178	4.260913689	4.336504355	4.405040008	4.46768138	4.525327886	4.578690151	4.628339084	4.674740032	4.718277133	4.759271053	4.79799215	4.834670406	4.869503035	4.902660379	4.93429055	4.964523107	4.993472013	5.021238021	5.047910628
158	2.339893945	2.923627024	3.267326626	3.509751924	3.696098363	3.846889998	3.973182022	4.081602975	4.17643439	4.260598294	4.336175429	4.404698474	4.467328037	4.524963434	4.578315208	4.627954202	4.674345704	4.717873804	4.758859127	4.797571995	4.834242359	4.869067405	4.902217452	4.93384059	4.96406636	4.993008707	5.020768369	5.047434829
159	2.33980715	2.92349259	3.267156597	3.509552941	3.695874791	3.846644971	3.972917917	4.081321665	4.176137396	4.260286875	4.335850649	4.404361242	4.466979144	4.52460357	4.577944984	4.62757416	4.673956333	4.717475544	4.758452376	4.797157117	4.833819687	4.868637244	4.901780084	4.933396275	4.963615341	4.992551209	5.020304603	5.046964991
160	2.339721447	2.923359847	3.266988704	3.509356457	3.695654027	3.84640302	3.972657126	4.081043884	4.175844125	4.259979359	4.335529936	4.404028233	4.466634616	4.524248207	4.577579388	4.627198869	4.673571828	4.717082258	4.758050704	4.796747417	4.833402288	4.868212448	4.901348169	4.932957499	4.963169943	4.992099411	5.019846613	5.046501004
161	2.339636815	2.923228762	3.26682291	3.509162428	3.695436018	3.846164087	3.972399587	4.080769566	4.175554508	4.259675672	4.335213216	4.403699367	4.466294374	4.523897262	4.577218336	4.62682824	4.673192097	4.716693855	4.757654016	4.7963428	4.832990065	4.867792918	4.900921607	4.932524159	4.962730061	4.991653207	5.019394291	5.046042757
162	2.339553234	2.923099306	3.266659173	3.508970806	3.695220714	3.845928117	3.97214524	4.080498644	4.175268476	4.259375743	4.334900413	4.403374567	4.465958336	4.523550653	4.576861743	4.626462186	4.672817052	4.716310242	4.75726222	4.79594317	4.832582923	4.867378556	4.900500298	4.932096154	4.962295593	4.991212493	5.018947534	5.045590147
163	2.339470684	2.922971447	3.266497457	3.508781548	3.695008064	3.845695054	3.971894024	4.080231058	4.174985964	4.259079502	4.334591456	4.403053758	4.465626427	4.523208299	4.576509526	4.626100624	4.672446607	4.715931333	4.756875226	4.795548437	4.832180767	4.866969269	4.900084146	4.931673386	4.96186644	4.990777169	5.01850624	5.045143068
164	2.339389146	2.922845156	3.266337724	3.50859461	3.694798019	3.845464845	3.971645884	4.079966746	4.174706907	4.258786883	4.334286273	4.402736868	4.465298569	4.522870123	4.576161606	4.62574347	4.672080678	4.715557041	4.756492947	4.795158511	4.831783507	4.866564962	4.899673057	4.931255761	4.961442505	4.990347137	5.018070307	5.044701421
165	2.339308603	2.922720405	3.266179938	3.508409949	3.694590532	3.845237439	3.971400763	4.079705648	4.174431242	4.25849782	4.333984797	4.402423824	4.46497469	4.52253605	4.575817905	4.625390646	4.671719183	4.715187283	4.756115296	4.794773305	4.831391053	4.866165545	4.899266939	4.930843184	4.961023693	4.9899223	5.01763964	5.044265107
166	2.339229035	2.922597166	3.266024063	3.508227524	3.694385557	3.845012784	3.971158606	4.079447706	4.174158907	4.258212246	4.33368696	4.402114557	4.464654717	4.522206004	4.575478346	4.625042072	4.671362041	4.714821976	4.75574219	4.794392732	4.83100332	4.865770931	4.898865703	4.930435564	4.960609913	4.989502565	5.017214144	5.043834029
167	2.339150426	2.922475411	3.265870065	3.508047295	3.694183047	3.84479083	3.97091936	4.079192863	4.173889842	4.257930101	4.333392697	4.401809	4.46433858	4.521879914	4.575142854	4.624697672	4.671009174	4.714461041	4.755373547	4.794016712	4.830620223	4.865381033	4.898469261	4.930032814	4.960201073	4.989087841	5.016793726	5.043408095
168	2.339072757	2.922355114	3.265717911	3.507869222	3.693982959	3.844571529	3.970682972	4.078941063	4.17362399	4.257651323	4.333101943	4.401507086	4.464026211	4.521557708	4.574811358	4.624357372	4.670660507	4.7141044	4.755009288	4.793645161	4.830241678	4.864995768	4.898077527	4.929634845	4.959797087	4.988678038	5.016378295	5.042987213
169	2.338996013	2.922236249	3.265567566	3.507693267	3.693785251	3.844354835	3.970449391	4.078692253	4.173361292	4.257375851	4.332814637	4.401208749	4.463717542	4.521239318	4.574483786	4.624021099	4.670315964	4.713751976	4.754649336	4.793278001	4.829867605	4.864615052	4.897690418	4.929241574	4.959397867	4.988273069	5.015967764	5.042571293
170	2.338920177	2.92211879	3.265419	3.507519393	3.693589878	3.8441407	3.970218569	4.078446379	4.173101693	4.257103627	4.332530717	4.400913928	4.463412509	4.520924676	4.57416007	4.623688782	4.669975473	4.713403695	4.754293613	4.792915155	4.829497925	4.864238807	4.897307853	4.928852917	4.95900333	4.98787285	5.015562045	5.042160247
171	2.338845232	2.922002712	3.265272181	3.507347562	3.693396801	3.843929079	3.969990456	4.078203389	4.172845139	4.256834594	4.332250123	4.40062256	4.463111047	4.520613716	4.57384014	4.623360352	4.669638962	4.713059484	4.753942047	4.792556546	4.829132562	4.863866953	4.896929752	4.928468794	4.958613395	4.987477297	5.015161056	5.041753992
172	2.338771164	2.921887992	3.265127079	3.507177739	3.693205979	3.843719929	3.969765004	4.077963234	4.172591575	4.256568697	4.331972799	4.400334584	4.462813094	4.520306375	4.573523931	4.62303574	4.669306363	4.712719273	4.753594564	4.792202102	4.82877144	4.863499415	4.896556038	4.928089127	4.958227981	4.987086329	5.014764714	5.041352443
173	2.338697956	2.921774605	3.264983662	3.507009889	3.693017372	3.843513207	3.969542169	4.077725864	4.172340951	4.25630588	4.331698686	4.400049943	4.462518589	4.520002589	4.57321138	4.622714881	4.668977608	4.712382992	4.753251094	4.79185175	4.828414486	4.863136117	4.896186634	4.927713837	4.95784701	4.986699866	5.014372938	5.04095552
174	2.338625595	2.921662529	3.264841903	3.506843978	3.692830944	3.84330887	3.969321903	4.07749123	4.172093215	4.256046091	4.33142773	4.399768578	4.462227472	4.519702297	4.572902421	4.622397709	4.668652629	4.712050573	4.752911568	4.791505419	4.828061628	4.862776986	4.895821466	4.92734285	4.957470405	4.986317832	5.01398565	5.040563142
175	2.338554064	2.92155174	3.264701772	3.506679971	3.692646655	3.843106878	3.969104164	4.077259287	4.171848317	4.255789278	4.331159875	4.399490433	4.461939686	4.51940544	4.572596995	4.622084162	4.668331364	4.711721951	4.752575918	4.791163041	4.827712796	4.862421952	4.895460462	4.926976092	4.957098093	4.985940151	5.013602773	5.040175233
176	2.338483351	2.921442218	3.264563242	3.506517838	3.692464469	3.84290719	3.968888908	4.077029986	4.17160621	4.255535389	4.33089507	4.399215453	4.461655174	4.519111957	4.57229504	4.621774178	4.668013747	4.71139706	4.752244078	4.790824548	4.827367921	4.862070944	4.895103552	4.926613491	4.956729999	4.985566748	5.013224233	5.039791715
177	2.338413442	2.921333939	3.264426285	3.506357545	3.692284351	3.842709767	3.968676092	4.076803285	4.171366846	4.255284375	4.330633263	4.398943584	4.46137388	4.518821794	4.571996499	4.621467696	4.667699718	4.711075838	4.751915984	4.790489874	4.827026937	4.861723895	4.894750665	4.926254977	4.956366053	4.985197551	5.012849955	5.039412516
178	2.338344322	2.921226884	3.264290875	3.506199062	3.692106266	3.842514571	3.968465675	4.076579138	4.171130178	4.255036188	4.330374402	4.398674774	4.461095749	4.518534892	4.571701312	4.621164658	4.667389216	4.710758223	4.751591572	4.790158957	4.826689777	4.861380738	4.894401734	4.925900481	4.956006184	4.984832491	5.012479869	5.039037562
179	2.338275978	2.921121031	3.264156985	3.506042358	3.691930178	3.842321564	3.968257618	4.076357504	4.170896161	4.254790779	4.330118439	4.398408972	4.460820729	4.518251198	4.571409425	4.620865005	4.667082182	4.710444153	4.751270782	4.789831731	4.826356379	4.861041407	4.894056694	4.925549936	4.955650326	4.984471496	5.012113905	5.038666783
180	2.338208397	2.921016361	3.264024591	3.505887403	3.691756056	3.84213071	3.96805188	4.076138339	4.170664751	4.254548104	4.329865324	4.398146127	4.460548768	4.517970658	4.571120782	4.620568682	4.666778558	4.710133571	4.750953552	4.789508136	4.826026679	4.86070584	4.893715479	4.925203276	4.955298411	4.984114501	5.011751994	5.038300108
181	2.338141567	2.920912854	3.263893667	3.505734168	3.691583866	3.841941973	3.967848424	4.075921603	4.170435904	4.254308115	4.329615012	4.397886191	4.460279814	4.51769322	4.570835329	4.620275633	4.666478287	4.709826418	4.750639823	4.789188113	4.825700616	4.860373973	4.893378026	4.924860438	4.954950373	4.983761438	5.011394068	5.037937472
182	2.338075476	2.920810489	3.263764189	3.505582625	3.691413576	3.841755317	3.96764721	4.075707256	4.170209578	4.254070769	4.329367454	4.397629115	4.46001382	4.517418833	4.570553013	4.619985803	4.666181315	4.709522638	4.750329539	4.788871601	4.82537813	4.860045746	4.893044272	4.924521357	4.95460615	4.983412244	5.011040063	5.037578806
183	2.33801011	2.92070925	3.263636133	3.505432746	3.691245155	3.84157071	3.967448203	4.075495258	4.169985732	4.253836023	4.329122607	4.397374852	4.459750735	4.517147446	4.570273784	4.619699141	4.665887587	4.709222176	4.750022643	4.788558544	4.825059163	4.8597211	4.892714159	4.924185974	4.954265678	4.983066855	5.010689914	5.037224047
184	2.337945458	2.920609116	3.263509476	3.505284504	3.691078572	3.841388116	3.967251366	4.075285571	4.169764325	4.253603833	4.328880426	4.397123356	4.459490512	4.516879011	4.569997591	4.619415595	4.665597051	4.708924977	4.749719078	4.788248885	4.824743658	4.859399976	4.892387626	4.923854226	4.953928897	4.982725208	5.01034356	5.03687313
185	2.337881509	2.920510071	3.263384195	3.505137871	3.690913797	3.841207504	3.967056664	4.075078158	4.169545318	4.253374159	4.328640867	4.396874583	4.459233105	4.516613479	4.569724384	4.619135114	4.665309654	4.708630989	4.749418793	4.78794257	4.824431558	4.859082316	4.892064616	4.923526057	4.953595748	4.982387245	5.010000937	5.036525994
186	2.337818251	2.920412096	3.263260268	3.504992822	3.690750802	3.841028841	3.966864063	4.074872981	4.169328672	4.253146959	4.328403888	4.396628488	4.458978469	4.516350804	4.569454116	4.618857648	4.665025347	4.708340159	4.749121732	4.787639543	4.824122808	4.858768067	4.891745071	4.923201408	4.953266171	4.982052904	5.009661987	5.036182578
187	2.337755673	2.920315175	3.263137672	3.504849332	3.690589557	3.840852096	3.966673528	4.074670004	4.169114348	4.252922195	4.328169449	4.396385029	4.458726559	4.516090941	4.569186739	4.61858315	4.664744079	4.708052438	4.748827846	4.787339754	4.823817355	4.858457171	4.891428936	4.922880222	4.952940109	4.981722129	5.009326651	5.035842822
188	2.337693764	2.92021929	3.263016387	3.504707375	3.690430034	3.840677238	3.966485027	4.074469194	4.168902309	4.252699826	4.327937507	4.396144163	4.458477331	4.515833843	4.568922208	4.618311572	4.664465802	4.707767776	4.748537083	4.78704315	4.823515147	4.858149577	4.891116158	4.922562446	4.952617507	4.981394863	5.00899487	5.035506668
189	2.337632513	2.920124424	3.262896392	3.504566927	3.690272206	3.840504237	3.966298526	4.074270514	4.16869252	4.252479815	4.327708024	4.395905849	4.458230742	4.515579468	4.568660476	4.618042867	4.664190468	4.707486124	4.748249394	4.78674968	4.823216132	4.857845232	4.890806682	4.922248023	4.95229831	4.98107105	5.00866659	5.03517406
190	2.33757191	2.920030562	3.262777666	3.504427963	3.690116047	3.840333064	3.966113996	4.074073931	4.168484945	4.252262125	4.32748096	4.395670047	4.457986752	4.515327772	4.5684015	4.617776991	4.663918032	4.707207435	4.74796473	4.786459295	4.822920259	4.857544085	4.890500457	4.921936903	4.951982464	4.980750635	5.008341754	5.03484494
191	2.337511945	2.919937688	3.262660189	3.504290462	3.689961529	3.840163689	3.965931403	4.073879413	4.168279548	4.252046719	4.327256278	4.395436717	4.457745319	4.515078713	4.568145236	4.617513898	4.663648447	4.706931661	4.747683044	4.786171948	4.82262748	4.857246085	4.890197432	4.921629033	4.951669916	4.980433566	5.008020309	5.034519256
192	2.337452607	2.919845786	3.262543941	3.504154398	3.689808627	3.839996086	3.965750719	4.073686926	4.168076296	4.251833561	4.32703394	4.395205821	4.457506403	4.514832249	4.567891643	4.617253546	4.663381669	4.706658759	4.747404289	4.785887589	4.822337745	4.856951184	4.889897557	4.921324362	4.951360616	4.980119791	5.007702202	5.034196953
193	2.337393888	2.919754842	3.262428904	3.504019751	3.689657316	3.839830225	3.965571913	4.07349644	4.167875155	4.251622616	4.32681391	4.39497732	4.457269966	4.514588342	4.567640678	4.616995891	4.663117655	4.706388682	4.74712842	4.785606174	4.822051009	4.856659333	4.889600782	4.921022842	4.951054512	4.979809257	5.007387382	5.033877978
194	2.337335776	2.919664839	3.262315058	3.503886499	3.689507571	3.83966608	3.965394956	4.073307922	4.167676092	4.251413851	4.326596152	4.394751178	4.457035968	4.51434695	4.567392301	4.616740893	4.662856361	4.706121388	4.746855393	4.785327656	4.821767223	4.856370485	4.889307061	4.920724422	4.950751556	4.979501916	5.007075797	5.033562281
195	2.337278264	2.919575764	3.262202386	3.503754618	3.689359367	3.839503625	3.96521982	4.073121344	4.167479076	4.25120723	4.326380631	4.394527359	4.456804372	4.514108035	4.567146471	4.61648851	4.662597747	4.705856834	4.746585163	4.785051991	4.821486344	4.856084595	4.889016346	4.920429056	4.9504517	4.979197719	5.006767398	5.033249812
196	2.337221341	2.919487603	3.262090868	3.50362409	3.689212682	3.839342833	3.965046476	4.072936674	4.167284075	4.251002723	4.326167312	4.394305826	4.456575141	4.51387156	4.566903151	4.616238701	4.66234177	4.705594977	4.746317687	4.784779136	4.821208327	4.855801616	4.888728592	4.920136697	4.950154895	4.978896616	5.006462136	5.03294052
197	2.337164999	2.919400341	3.261980488	3.503494892	3.689067492	3.839183679	3.964874898	4.072753885	4.167091059	4.250800295	4.325956163	4.394086544	4.45634824	4.513637486	4.566662302	4.615991429	4.662088391	4.705335776	4.746052925	4.784509047	4.820933128	4.855521506	4.888443753	4.919847299	4.949861096	4.978598562	5.006159964	5.032634358
198	2.337109228	2.919313964	3.261871228	3.503367005	3.688923774	3.839026139	3.964705058	4.072572947	4.166899996	4.250599916	4.32574715	4.393869481	4.456123632	4.513405779	4.566423886	4.615746654	4.66183757	4.705079193	4.745790834	4.784241683	4.820660705	4.855244219	4.888161785	4.919560818	4.949570257	4.978303511	5.005860835	5.032331279
199	2.337054021	2.91922846	3.261763071	3.503240408	3.688781507	3.838870187	3.964536931	4.072393832	4.166710858	4.250401555	4.32554024	4.393654601	4.455901284	4.513176401	4.566187867	4.615504339	4.661589269	4.704825186	4.745531374	4.783977003	4.820391015	4.854969715	4.887882646	4.919277209	4.949282333	4.978011416	5.005564704	5.032031235
200	2.336999368	2.919143815	3.261656001	3.503115083	3.688640667	3.8387158	3.964370489	4.072216512	4.166523616	4.250205181	4.325335403	4.393441873	4.455681161	4.512949318	4.565954209	4.615264447	4.661343451	4.704573717	4.745274507	4.783714966	4.820124018	4.854697951	4.887606292	4.91899643	4.948997282	4.977722234	5.005271525	5.031734183
