2	3	4	5	6	7	8	9	10	11	12	13	14	15	16	17	18	19	20	21	22	23	24	25	26	27	28	29	30
2	9.816340032	13.37986586	15.71821612	17.42509631	18.74348789	19.80102981	20.6738693	21.4109757	22.04541466	22.60030443	23.09225196	23.53345903	23.93306981	24.29806094	24.63384399	24.94468157	25.23397972	25.50449653	25.7584932	25.99784484	26.22412281	26.43865673	26.64258164	26.83687434	27.02238171	27.19984295	27.36990727	27.5331481
3	6.421523565	8.306061935	9.539942182	10.45708196	11.18443781	11.78510282	12.29516368	12.73723002	13.1264193	13.47334632	13.78575386	14.06946454	14.32896743	14.56779578	14.78877964	14.99421992	15.18601169	15.3657336	15.53471383	15.69407987	15.84479646	15.98769501	16.12349675	16.25283099	16.37624985	16.49424016	16.60723312	16.71561233
4	5.299052061	6.66754715	7.558387443	8.220832331	8.746990218	9.18229748	9.552720661	9.874534917	10.15861867	10.41259899	10.64202572	10.85105944	11.04289692	11.22004563	11.38450738	11.53790491	11.68157152	11.81661487	11.943966	12.06441412	12.17863406	12.28720726	12.39063817	12.48936722	12.58378116	12.67422144	12.76099099	12.84435977
5	4.758729641	5.885450218	6.613422433	7.153965511	7.583435204	7.939075174	8.242035225	8.50552322	8.738350447	8.946690318	9.13503559	9.30675697	9.464447317	9.610143263	9.74547319	9.871759111	9.990088665	10.10136717	10.20635599	10.30570137	10.39995636	10.48959781	10.57503966	10.65664343	10.73472667	10.80956975	10.88142138	10.95050317
6	4.444403281	5.432837382	6.066865347	6.536614577	6.909637005	7.218574069	7.481859347	7.710965516	7.91353065	8.094899613	8.258959378	8.408624922	8.546137985	8.673259185	8.791395967	8.901691005	9.005084321	9.102358343	9.194171087	9.281081074	9.363566315	9.442038982	9.516856904	9.588332653	9.656740825	9.722323914	9.785297097	9.84585216
7	4.239743765	5.139270887	5.712500554	6.136165094	6.472270033	6.750551273	6.987719568	7.194141644	7.376704188	7.540218169	7.688178983	7.82320581	7.947311848	8.062077636	8.168766508	8.268403949	8.3618336	8.449757711	8.532766952	8.611362719	8.685974343	8.756972021	8.824677252	8.889370957	8.951300002	9.010682457	9.067711889	9.122560876
8	4.096212254	4.933995573	5.464780436	5.856115397	6.166218136	6.422837259	6.641501841	6.8318173	7.000150856	7.15094431	7.287420702	7.411993238	7.526515659	7.632442668	7.730936864	7.822941217	7.909231858	7.990454649	8.067152816	8.139787525	8.208753563	8.274391446	8.336996885	8.396828289	8.454112752	8.509050898	8.561820817	8.612581199
9	3.990115778	4.782613891	5.282137991	5.6495656	5.940373975	6.180872904	6.38573457	6.564010956	6.721690912	6.86294621	6.990800592	7.107516091	7.214829169	7.314101789	7.406421796	7.49267176	7.57357747	7.649742919	7.721676038	7.789807986	7.85450783	7.91609388	7.974842558	8.030995405	8.084764692	8.136337945	8.185881631	8.233544179
10	3.908560252	4.666470076	5.142035804	5.491079179	5.767006374	5.995040905	6.189207046	6.358137428	6.507533841	6.641362743	6.762496034	6.873080371	6.974762517	7.068833395	7.156323653	7.238069155	7.314757085	7.386959167	7.45515611	7.519755896	7.581107712	7.639512693	7.695232325	7.748495084	7.799501755	7.848429707	7.895436392	7.940662201
11	3.843944511	4.574595675	5.031227758	5.365700831	5.629804023	5.847912833	6.03354525	6.195006309	6.337772865	6.465650333	6.581391554	6.687052075	6.784208124	6.874094572	6.957696853	7.035813894	7.109102301	7.178108218	7.243290747	7.305039463	7.36368775	7.419523078	7.472795041	7.52372171	7.572494711	7.619283314	7.664237777	7.70749207
12	3.791503723	4.500132024	4.941431925	5.264077144	5.518560628	5.728578274	5.907242408	6.062594939	6.1999326	6.322930905	6.434246578	6.535862294	6.629297124	6.715740629	6.796141705	6.871269357	6.94175539	7.008125425	7.070820635	7.130215802	7.186631453	7.240343935	7.291593154	7.340588695	7.387514713	7.432533867	7.475790533	7.517413437
13	3.748102703	4.43857493	4.86720968	5.180064425	5.42656979	5.629865246	5.802731195	5.952994293	6.085802776	6.204726454	6.312342636	6.410574161	6.50089272	6.584451836	6.662168853	6.734788559	6.802922296	6.867078294	6.92768358	6.985100382	7.039638568	7.091565257	7.141112315	7.188482279	7.233853091	7.27738191	7.319208222	7.359456379
14	3.711595104	4.386846299	4.804845712	5.109463988	5.349246073	5.546868199	5.714833989	5.860790286	5.989762081	6.105230357	6.20970692	6.305063963	6.392734331	6.473839014	6.549271934	6.619755463	6.68588474	6.748153447	6.806976325	6.862705118	6.915640685	6.966042369	7.014135973	7.06011705	7.104158707	7.14641346	7.187016659	7.226088964
15	3.680462928	4.342772472	4.751716249	5.049310337	5.283350194	5.476120099	5.639889565	5.782153882	5.907833341	6.020334012	6.12211151	6.214995618	6.300385848	6.379376652	6.452840034	6.521481963	6.585881965	6.646521574	6.703805209	6.758075782	6.809626539	6.858710188	6.905546016	6.950325554	6.993217012	7.034368932	7.073913127	7.111967483
16	3.653602613	4.304775381	4.705916749	4.997450317	5.226529161	5.415101854	5.575237528	5.71430141	5.837124271	5.94704766	6.046479687	6.137213296	6.220619392	6.297769634	6.369517572	6.436554195	6.49944607	6.558664369	6.61460455	6.66760186	6.717942942	6.765874778	6.811611667	6.855340731	6.897226306	6.937413518	6.976031111	7.013193844
17	3.630192848	4.271681993	4.666031644	4.952283258	5.17703329	5.36193962	5.518897901	5.655160747	5.775481403	5.883145652	5.980520108	6.069365976	6.151029335	6.226562054	6.296801655	6.362425793	6.42399046	6.481957424	6.536714345	6.588589801	6.637864685	6.68478099	6.729548658	6.772350984	6.813348935	6.852684619	6.890484114	6.926859798
18	3.609609881	4.242602405	4.630987146	4.912594743	5.133534746	5.315210918	5.469367286	5.603158035	5.721268633	5.8269361	5.922490749	6.009666011	6.089786228	6.163885938	6.232788616	6.297160376	6.357547611	6.414404023	6.468110424	6.518989532	6.567317192	6.613331009	6.657237095	6.699215378	6.73942385	6.778001983	6.815073505	6.85074868
19	3.591371557	4.216849415	4.599954124	4.877446898	5.095007818	5.273816626	5.425483717	5.557076525	5.673220777	5.7771105	5.87104399	5.956730175	6.035474217	6.108295349	6.176004642	6.239258013	6.298593371	6.354457284	6.407224508	6.457212578	6.504692866	6.549899096	6.593033982	6.634274471	6.67377592	6.71167546	6.748094733	6.783142134
20	3.575099344	4.193883989	4.572282279	4.846104034	5.060647723	5.236894144	5.386335043	5.515960831	5.630344184	5.732640948	5.82512098	5.909471434	5.98698042	6.058653569	6.125290918	6.18753931	6.245929105	6.300900518	6.352822912	6.402009205	6.448726782	6.493205905	6.535646263	6.576222141	6.615086543	6.652374513	6.68820583	6.722687218
21	3.560491944	4.173277428	4.547454462	4.817981012	5.02981424	5.203757099	5.351195289	5.479050385	5.591847651	5.6927088	5.783878261	5.867023716	5.943418026	6.014054646	6.079723738	6.141064023	6.1985991	6.252763493	6.303921733	6.352382598	6.398409899	6.442230794	6.484042257	6.524016184	6.562303469	6.599037279	6.634335721	6.668304021
22	3.547306568	4.15468454	4.525054294	4.79260666	5.001991742	5.17385257	5.319479504	5.445732236	5.557093402	5.656654027	5.746635672	5.828688506	5.904071668	5.973767658	6.03855775	6.099073353	6.155831974	6.209263012	6.259726646	6.30752792	6.352927426	6.396149521	6.43738873	6.476814794	6.514576703	6.550805931	6.585619073	6.619120001
23	3.535345404	4.137824275	4.504742792	4.769597343	4.976760325	5.146730193	5.290711137	5.415506917	5.525561642	5.623938598	5.712838673	5.793896202	5.868357913	5.937196399	6.001184891	6.06094818	6.116998263	6.169759897	6.219589318	6.26678819	6.311614188	6.354289131	6.395005323	6.433930554	6.471212085	6.506979854	6.541349087	6.574422428
24	3.524445673	4.122465505	4.486241203	4.748637871	4.953774922	5.122019777	5.264498367	5.387963665	5.496824792	5.594119552	5.682030636	5.762177697	5.835796193	5.903849708	5.967104165	6.026178338	6.081579212	6.133727324	6.182975322	6.229621797	6.273921766	6.316094739	6.356330999	6.394796557	6.4316371	6.46698117	6.500942741	6.533623338
25	3.514472206	4.108416416	4.469318579	4.729465897	4.932748343	5.099413239	5.240515129	5.362760655	5.470527024	5.566829344	5.653832596	5.733143603	5.805987532	5.873319749	5.935899505	5.994340083	6.049143887	6.100727603	6.149440601	6.195578662	6.239394377	6.281105144	6.320899398	6.358941525	6.395375773	6.430329402	6.463915246	6.496233806
26	3.505311835	4.095516816	4.453780736	4.71186254	4.913440883	5.078653331	5.218489045	5.33961224	5.446370894	5.541759067	5.627926052	5.706466647	5.778596594	5.845263729	5.907221189	5.965077221	6.019330036	6.070392783	6.11861183	6.16428038	6.207648797	6.248932544	6.288318361	6.325969139	6.362027806	6.396620448	6.429858851	6.461842572
27	3.496869091	4.083630816	4.439464773	4.695643061	4.895650221	5.059522911	5.198190188	5.318277269	5.424105267	5.518648896	5.604043025	5.681871399	5.753341092	5.819393019	5.880774689	5.938089722	5.991832468	6.042412826	6.090174396	6.135408012	6.178361989	6.219250006	6.258257241	6.295545212	6.33125563	6.3655135	6.398429639	6.43010274
28	3.489062881	4.072643768	4.426232152	4.68065061	4.879204558	5.041837566	5.179423258	5.298550881	5.403516772	5.4972778	5.581955531	5.659123514	5.72998083	5.795462002	5.856309353	5.913122228	5.966391415	6.016523814	6.06386047	6.108690028	6.15125891	6.191779149	6.230434482	6.267385155	6.302771756	6.336718289	6.36933468	6.400718819
29	3.481823877	4.062457486	4.413964496	4.666751154	4.863957071	5.025439679	5.162021308	5.280257929	5.384422958	5.477456754	5.561468575	5.638022535	5.708310317	5.773260532	5.833610701	5.889956212	5.942784557	5.992499854	6.039440789	6.083893975	6.126104085	6.166281623	6.204608991	6.24124526	6.276329975	6.309986214	6.342323074	6.373437704
30	3.475092462	4.052987573	4.402560056	4.65382948	4.849781542	5.010193729	5.145840779	5.263247786	5.366666898	5.459023156	5.542414398	5.618395982	5.688152726	5.752607754	5.812494129	5.868403567	5.9208205	5.970146465	6.016717951	6.060819692	6.102694728	6.142552151	6.18057312	6.216915612	6.251718204	6.285103115	6.31717867	6.348041328
31	3.468817086	4.04416108	4.391930892	4.641786008	4.836568863	4.995982557	5.130757546	5.247390198	5.350112874	5.441836365	5.524647881	5.600094636	5.669355061	5.733347171	5.792799882	5.848301493	5.900333585	5.949295295	5.995521068	6.039293883	6.080855266	6.120412989	6.158147054	6.194214421	6.228752765	6.261883502	6.293714241	6.324340798
32	3.462952948	4.03591463	4.382000608	4.630534222	4.824224239	4.982704361	5.116663742	5.232571959	5.334642917	5.425774115	5.508042855	5.582988751	5.651784274	5.715342679	5.774389009	5.829508377	5.881179702	5.929799882	5.975701453	6.01916576	6.060432913	6.099709451	6.137174298	6.172983463	6.207273779	6.240165912	6.271766803	6.302171665
33	3.457460926	4.028192903	4.372702517	4.619998603	4.812664911	4.970270257	5.103465179	5.218694207	5.320153994	5.410729614	5.492489102	5.566964971	5.63532412	5.698475349	5.757140084	5.811900454	5.863232893	5.911532202	5.957129134	6.000303501	6.041294091	6.08030629	6.117518013	6.153084378	6.187141431	6.219809136	6.251193808	6.281390096
34	3.452306705	4.02094739	4.363978154	4.610112936	4.801818313	4.958602299	5.091079249	5.205670226	5.306555722	5.396609168	5.477889919	5.551923831	5.619872584	5.682640805	5.740946527	5.795369085	5.846382584	5.894379858	5.93968999	5.982591356	6.023321502	6.062084735	6.099058021	6.134395646	6.168232915	6.200689137	6.231870035	6.261869735
35	3.447460062	4.01413538	4.355776039	4.600818917	4.791620545	4.947631842	5.079433196	5.193423637	5.293768483	5.383330236	5.464160101	5.537777686	5.605339769	5.667747058	5.725714402	5.779818512	5.830531304	5.878243767	5.923283413	5.965927271	6.006411721	6.044940052	6.081688345	6.116810099	6.150439925	6.182696514	6.213685038	6.243499124
36	3.442894275	4.00771912	4.348050671	4.592065009	4.782015117	4.937298202	5.068462695	5.181886903	5.281721871	5.37081982	5.45122429	5.52444901	5.591646149	5.653712727	5.711360598	5.765164004	5.815592802	5.863036243	5.907820363	5.950220921	5.990473201	6.028779536	6.065315169	6.100232861	6.133666572	6.165734407	6.196541021	6.226179572
37	3.438585627	4.001665113	4.340761682	4.58380549	4.772951912	4.92754753	5.058110661	5.171000084	5.270353392	5.359013121	5.439015585	5.511868975	5.578721115	5.640465551	5.697811312	5.751330315	5.801490474	5.848679405	5.893221749	5.93539207	5.975424618	6.013520824	6.049855142	6.084579639	6.117827654	6.149716748	6.180351081	6.209823374
38	3.434512998	3.995943539	4.333873133	4.575999653	4.764386305	4.918331879	5.048326262	5.1607098	5.259607391	5.347852423	5.427474395	5.499976268	5.566501763	5.627941146	5.685000784	5.738250392	5.788156055	5.835103843	5.87941708	5.921369202	5.96119348	5.999090498	6.03523396	6.069775278	6.102847209	6.134566794	6.165037732	6.194352324
39	3.430657822	3.990527759	4.327352925	4.568611138	4.756278437	4.909608417	5.039064086	5.150968361	5.249434135	5.337286153	5.416547464	5.488716087	5.554931865	5.616081963	5.672870225	5.725864292	5.775528513	5.822247497	5.866343326	5.908088364	5.947714962	5.985422897	6.021385168	6.055752564	6.088657293	6.120215904	6.150531657	6.179696463
40	3.427002602	3.985393909	4.321172299	4.561607369	4.748592591	4.901338762	5.030283435	5.141733022	5.23978905	5.327268079	5.406187051	5.478039306	5.543961013	5.6048364	5.661366925	5.714118261	5.763553115	5.810054712	5.853943955	5.895492199	5.934930917	5.972459122	6.008249149	6.042451195	6.075196948	6.10660249	6.136770667	6.165793014
41	3.423532423	3.98052054	4.315305412	4.55495907	4.741296672	4.893488421	5.021947731	5.132965364	5.23063207	5.317756643	5.396350238	5.467901755	5.533543881	5.594158058	5.650443481	5.702963956	5.752180634	5.798475427	5.84216812	5.883529109	5.922789034	5.960146189	5.995772271	6.02981692	6.062411328	6.093671137	6.123698798	6.152585492
42	3.420233583	3.975888328	4.309728977	4.548639863	4.734361756	4.886026307	5.014024009	5.12463076	5.221927076	5.30871438	5.386998331	5.458263611	5.523639601	5.584005098	5.640057147	5.692357783	5.741366677	5.787464495	5.830969959	5.872152554	5.911242132	5.948436299	5.98390615	6.017800794	6.050250952	6.081371848	6.111265558	6.140022926
43	3.417093702	3.97147981	4.304421957	4.542625915	4.727761709	4.878924332	5.006482478	5.116697916	5.213641429	5.300107432	5.378096356	5.449088877	5.51421123	5.574339697	5.630169279	5.682260326	5.731071103	5.776981089	5.820307998	5.861320446	5.900247538	5.937286222	5.972607024	6.006358546	6.038671062	6.069659397	6.09942527	6.128059207
44	3.414101565	3.967279171	4.299365294	4.536895638	4.721472861	4.872157051	4.999296153	5.10913848	5.205745554	5.291905117	5.369612624	5.440344934	5.505225288	5.565127576	5.620744851	5.672635859	5.721257527	5.766988203	5.810144642	5.850994632	5.889766564	5.926656766	5.961835216	5.995450036	6.027631073	6.058492773	6.088136515	6.11665252
45	3.411246985	3.963272052	4.294541689	4.531429433	4.715473717	4.86570136	4.992440527	5.101926708	5.198212596	5.284079572	5.361518349	5.43200215	5.496651363	5.556337595	5.611752043	5.663451924	5.71189289	5.757452212	5.800445728	5.841140439	5.879764056	5.916512312	5.951554665	5.98503878	6.017094097	6.047834698	6.077361641	6.105764854
46	3.408520694	3.959445385	4.2899354	4.526209465	4.709744721	4.859536235	4.985893298	5.095039167	5.191018106	5.276605431	5.353787329	5.424033553	5.488461767	5.5479414	5.603161881	5.654678966	5.702947088	5.748342494	5.791180144	5.83172629	5.870207992	5.906820417	5.941732527	5.975091548	6.007026532	6.037651217	6.06706635	6.095361583
47	3.405914233	3.955787253	4.285532068	4.521219469	4.704268033	4.853642499	4.979634125	5.088454482	5.184139786	5.269459557	5.34639566	5.416414531	5.480631236	5.539913122	5.594947927	5.646290014	5.694392651	5.739631104	5.782319497	5.822723366	5.861069148	5.89755147	5.932338819	5.965578004	5.997397704	6.027910981	6.057218955	6.085410692
48	3.403419876	3.952286765	4.281318574	4.51644458	4.699027353	4.848002624	4.973644414	5.082153116	5.177557251	5.262620798	5.339321488	5.409122587	5.473136675	5.532229109	5.587086009	5.638260406	5.686204456	5.731292486	5.773837821	5.814105309	5.852320795	5.888678387	5.92334612	5.956470044	5.98817917	6.018586261	6.047791487	6.075883981
49	3.401030542	3.94893395	4.277282905	4.511871188	4.694007752	4.842600564	4.967907139	5.076117177	5.171251834	5.256069782	5.332544796	5.402137112	5.465956925	5.52486769	5.579553981	5.63056755	5.678359488	5.723303225	5.765711321	5.805847967	5.843938438	5.880175995	5.914728911	5.947742888	5.979345914	6.009650779	6.038757381	6.066754609
50	3.398739739	3.945719658	4.273414041	4.507486808	4.689195537	4.837421591	4.962406678	5.070330248	5.165206402	5.249788729	5.326047216	5.39543919	5.459072567	5.517808979	5.572331514	5.623190703	5.670836619	5.715641827	5.757918156	5.797928827	5.835899215	5.872022153	5.906464824	5.939372886	5.970874001	6.001080668	6.030092526	6.057998232
51	3.396541494	3.942635481	4.269701851	4.503279962	4.684578118	4.832452173	4.957128672	5.064777238	5.159405208	5.243761297	5.319811859	5.389011433	5.452465748	5.511034688	5.565399918	5.616110797	5.663616418	5.708288523	5.750437883	5.790328123	5.828183134	5.864195602	5.898532309	5.931338561	5.962741708	5.992853972	6.021774743	6.049592455
52	3.394430311	3.939673677	4.266137011	4.499240086	4.680143909	4.827679847	4.952059897	5.059444251	5.15383375	5.237972436	5.313823172	5.382837825	5.446120024	5.504527974	5.558741975	5.609310263	5.656680989	5.701224743	5.743252651	5.783026774	5.820770818	5.856677029	5.890911808	5.923620123	5.954929023	5.984950464	6.013783596	6.041516639
53	3.39240112	3.936827106	4.262710921	4.495357436	4.675882219	4.823093121	4.947188159	5.054318468	5.148478652	5.232408261	5.308066808	5.376903591	5.440020224	5.498273297	5.552341802	5.602772892	5.650013454	5.694434354	5.736345077	5.776007445	5.813644681	5.849448615	5.883585276	5.916199308	5.947417473	5.977351469	6.00610022	6.033751737
54	3.390449234	3.934089173	4.259415638	4.49162301	4.671783178	4.818681377	4.942502192	5.049388049	5.143327556	5.227055946	5.302529511	5.37119508	5.434152329	5.492256298	5.54618472	5.596483347	5.643599229	5.687901513	5.729699378	5.769254111	5.806788472	5.842493885	5.876536028	5.909059232	5.940189981	5.970039729	5.998707176	6.026280137
55	3.388570321	3.931453778	4.256243812	4.488028483	4.66783765	4.814434794	4.937991574	5.044642038	5.138369028	5.221903621	5.297199015	5.365699659	5.428503367	5.486463689	5.540256794	5.590428436	5.637423869	5.681611846	5.723300945	5.762751939	5.800187143	5.835797592	5.869748623	5.902184266	5.933230741	5.962999262	5.991588318	6.019085534
56	3.386760364	3.928915267	4.253188635	4.484566141	4.664037174	4.810344271	4.933646645	5.040070282	5.13359247	5.216940288	5.29206395	5.36040562	5.423061315	5.480883151	5.534546088	5.584594992	5.63147428	5.675552027	5.717136235	5.75648718	5.793826747	5.829345598	5.863208741	5.895559919	5.926525094	5.956215251	5.984728676	6.01215281
57	3.385015635	3.926468394	4.250243789	4.481228826	4.660373897	4.806401362	4.929458445	5.035663362	5.128988051	5.212155739	5.287113767	5.355302096	5.417815014	5.475502885	5.529040604	5.578971088	5.625738309	5.66970969	5.711192677	5.750447067	5.787694334	5.823124777	5.856903091	5.889172737	5.920059431	5.949673939	5.978114349	6.005467925
58	3.383332673	3.924108288	4.247403407	4.478009886	4.656840523	4.802598222	4.925418646	5.031412522	5.124546633	5.207540489	5.282338663	5.35037899	5.412753753	5.470312962	5.523729479	5.573545635	5.620204657	5.664073336	5.705458584	5.744619736	5.781777866	5.81712293	5.850819313	5.883010211	5.913821101	5.943362536	5.971732414	5.999017828
59	3.381708253	3.921830414	4.244662027	4.474903137	4.653430266	4.79892755	4.921519501	5.02730962	5.120259713	5.203085711	5.277729512	5.345626904	5.407868526	5.465303163	5.518602604	5.568308318	5.61486281	5.658632266	5.699923078	5.73899414	5.77606614	5.811328697	5.844945905	5.877060699	5.907798325	5.937269133	5.965570837	5.992790366
60	3.380139375	3.91963055	4.242014563	4.471902814	4.650136803	4.795382546	4.917753792	5.023347065	5.116119372	5.198783182	5.273277816	5.341037083	5.403150033	5.460464274	5.513650558	5.563249519	5.609702968	5.653376506	5.694576024	5.733559987	5.770548712	5.805731494	5.839272144	5.871313346	5.901980125	5.931382631	5.959618404	5.986774212
61	3.378623237	3.917504755	4.239456272	4.469003542	4.646954236	4.791956867	4.914114786	5.019517782	5.11211822	5.194625231	5.268975644	5.336600991	5.398589884	5.4557877	5.508864551	5.558360268	5.60471599	5.648296751	5.689407961	5.72830767	5.765215836	5.800321443	5.833788025	5.865758025	5.896356254	5.925692673	5.953864648	5.980958794
62	3.377157225	3.915449351	4.236982723	4.466200302	4.643877058	4.788644589	4.910596197	5.015815158	5.108249356	5.190604694	5.26481559	5.332311699	5.394180242	5.45126541	5.504236373	5.553632184	5.599893335	5.64338431	5.684410054	5.723228217	5.76005841	5.795089313	5.828484198	5.860385273	5.890917141	5.920189579	5.948299787	5.975334233
63	3.375738894	3.913460901	4.234589776	4.463488401	4.640900122	4.785440175	4.907192147	5.012233015	5.10450633	5.18671487	5.260790383	5.328161739	5.38991378	5.446889897	5.499758347	5.549057431	5.595227014	5.638631052	5.679574039	5.718313234	5.755067917	5.790026475	5.823351921	5.855186239	5.885653831	5.914864296	5.942914674	5.969891288
64	3.374365956	3.911536185	4.232273555	4.460863448	4.638018608	4.782338443	4.903897134	5.008765568	5.100883101	5.182949491	5.256894204	5.324144432	5.385783639	5.442654131	5.495423284	5.544628672	5.590709552	5.634029368	5.674892176	5.713554865	5.750236386	5.785124843	5.818383005	5.850152634	5.88055794	5.909708346	5.93770074	5.964621307
65	3.373036264	3.909672188	4.230030429	4.458321328	4.635228003	4.779334534	4.900706002	5.005407396	5.09737401	5.179302679	5.253120659	5.320253519	5.381783389	5.438551525	5.491224448	5.540339029	5.586333938	5.629572122	5.670357215	5.708945742	5.745556341	5.780376844	5.813569776	5.84527669	5.875621606	5.904713782	5.932649955	5.959516174
66	3.371747809	3.907866082	4.227856992	4.455858183	4.632524072	4.776423896	4.897613918	5.002153416	5.09397375	5.175768924	5.24946405	5.31648313	5.377907	5.434575898	5.48715552	5.536182052	5.582093597	5.625252621	5.66596235	5.704478956	5.741020773	5.775775367	5.808905032	5.840551115	5.870837454	5.899873146	5.927754781	5.954568279
67	3.370498701	3.906115212	4.225750046	4.453470388	4.629902839	4.77360225	4.894616342	4.998998854	5.090677337	5.17234269	5.245919026	5.312827752	5.374148809	5.430721448	5.483210564	5.532151683	5.577982355	5.621064581	5.66170119	5.700148015	5.736623094	5.771313736	5.804382009	5.835969062	5.866198557	5.895179432	5.923008138	5.949770469
68	3.369287165	3.904417082	4.223706588	4.45115454	4.627360569	4.770865579	4.891709006	4.995939223	5.087480086	5.169019807	5.242480558	5.309282204	5.370503492	5.426982719	5.479384001	5.528242225	5.573994405	5.617002091	5.657567728	5.695946817	5.732357112	5.766985673	5.799994348	5.831524093	5.861698399	5.890626054	5.91840337	5.94511602
69	3.368111532	3.902769345	4.221723791	4.448907435	4.624893748	4.768210102	4.888887898	4.992970304	5.08437759	5.165795364	5.239143913	5.30584161	5.366966042	5.423354578	5.475670583	5.52444832	5.570124285	5.613059591	5.65355631	5.691869621	5.728217002	5.76278527	5.795736063	5.827210148	5.857330852	5.886206812	5.913934212	5.940598602
70	3.366970229	3.901169791	4.219798993	4.446726059	4.622499066	4.765632258	4.886149239	4.990088121	5.0813657	5.162665051	5.235904637	5.30250138	5.363531741	5.419832193	5.472065365	5.520764921	5.566366852	5.609231845	5.649661611	5.687911018	5.724197275	5.758706964	5.791601517	5.823021521	5.85309014	5.881915869	5.909594762	5.936212255
71	3.365861774	3.899616338	4.217929687	4.444607568	4.620173405	4.763128694	4.883489466	4.98728893	5.07844016	5.159624806	5.232758529	5.299257185	5.360196145	5.416411006	5.468563689	5.517187271	5.562717255	5.605513915	5.645878611	5.68406591	5.720292758	5.754745509	5.787585397	5.818952831	5.848970819	5.877747718	5.905379456	5.931951358
72	3.364784769	3.898107021	4.216113508	4.442549284	4.617913825	4.760696245	4.880905221	4.984569199	5.075597951	5.156670798	5.229701629	5.296104946	5.356955059	5.41308672	5.465161158	5.513710882	5.559170919	5.601901145	5.642202576	5.680329486	5.716498568	5.750895956	5.783682687	5.814999001	5.844967753	5.873697165	5.901283044	5.927810606
73	3.363737895	3.896639986	4.214348222	4.440548676	4.61571755	4.758331925	4.878393333	4.981925591	5.072835264	5.153799412	5.226730196	5.293040807	5.353804525	5.409855276	5.461853621	5.510331515	5.555723525	5.598389136	5.638629032	5.676697204	5.712810098	5.747153631	5.779888653	5.811155236	5.841076091	5.869759304	5.897300567	5.92378499
74	3.362719905	3.89521348	4.212631722	4.438603353	4.613581955	4.75603291	4.875950805	4.979354956	5.070148809	5.151007228	5.223840696	5.290061127	5.3507408	5.40671284	5.458637157	5.507045167	5.55237099	5.594973731	5.635153755	5.673164772	5.709222989	5.743514116	5.776198818	5.807417006	5.837291246	5.865929498	5.893427339	5.919869777
75	3.36172962	3.893825848	4.210962012	4.436711057	4.611504561	4.753796533	4.873574804	4.976854314	5.067535475	5.148291016	5.221029787	5.287162463	5.347760347	5.403655786	5.455508055	5.503848051	5.549109453	5.591651002	5.631772746	5.669728129	5.705733123	5.739973234	5.77260895	5.803780025	5.833608883	5.862203363	5.889658928	5.916060486
76	3.360765924	3.892475522	4.209337204	4.434869647	4.609483022	4.751620269	4.871262649	4.974420845	5.064992316	5.145647717	5.218294308	5.284341555	5.344859817	5.400680681	5.452462806	5.50073658	5.54593526	5.588417227	5.628482224	5.666383433	5.702336599	5.736527031	5.769115043	5.800240234	5.830024897	5.858576745	5.885991135	5.912352879
77	3.35982776	3.891161018	4.207755513	4.4330771	4.607515114	4.749501727	4.869011803	4.972051881	5.062516546	5.143074435	5.215631262	5.281595318	5.342036039	5.397784275	5.449498085	5.497707362	5.54284495	5.585268882	5.625278604	5.663127043	5.699029723	5.73317176	5.765713299	5.796793792	5.826535397	5.855045711	5.882419987	5.908742938
78	3.358914128	3.889880929	4.206215245	4.431331495	4.605598733	4.747438641	4.866819857	4.969744538	5.060105519	5.140568425	5.213037811	5.278920825	5.339286007	5.394963486	5.446610739	5.494757177	5.539835242	5.582202627	5.62215849	5.659955509	5.695808992	5.72990387	5.762400122	5.793437055	5.823136698	5.851606534	5.878941713	5.905226857
79	3.358024078	3.888633921	4.204714793	4.429631014	4.60373188	4.745428861	4.864684532	4.967497103	5.057756732	5.138127083	5.210511262	5.276315303	5.336606869	5.392215392	5.44379778	5.491882974	5.536903024	5.579215294	5.61911866	5.656865557	5.692671086	5.726719993	5.759172098	5.790166566	5.819825301	5.848255676	5.875552739	5.901801023
80	3.357156707	3.887418729	4.203252634	4.427973929	4.601912661	4.74347035	4.862603661	4.965306963	5.055467803	5.13574794	5.208049062	5.273776118	5.333995921	5.38953722	5.44105637	5.489081854	5.534045343	5.576303875	5.616156055	5.653854081	5.68961285	5.72361693	5.756025986	5.786979044	5.816597888	5.84498978	5.87224967	5.898462006
81	3.356311162	3.886234149	4.20182732	4.426358601	4.600139276	4.741561169	4.860575189	4.963171955	5.053236476	5.133428648	5.205648782	5.271300769	5.331450591	5.386926335	5.438383814	5.486351067	5.531259392	5.573465514	5.61326777	5.65091813	5.68663129	5.720591645	5.752958709	5.783871374	5.813451304	5.841805654	5.869029283	5.895206549
82	3.355486627	3.885079041	4.200437476	4.424783469	4.598410014	4.739699479	4.85859716	4.961090024	5.051060602	5.131166977	5.203308116	5.268886879	5.328968438	5.384380234	5.435777551	5.483687997	5.528542505	5.570697496	5.610451044	5.648054897	5.683723558	5.717641251	5.749967342	5.780840592	5.81038255	5.838700268	5.865888511	5.892031555
83	3.35468233	3.883952318	4.199081795	4.423247054	4.596723249	4.737883529	4.856667717	4.959059215	5.04893814	5.128960807	5.201024871	5.266532187	5.326547139	5.381896534	5.433235146	5.481090156	5.525892146	5.567997238	5.607703252	5.645261717	5.680886946	5.714763001	5.747049101	5.777883881	5.807388776	5.835670737	5.862824439	5.888934078
84	3.353897534	3.882852945	4.197759033	4.421747945	4.595077434	4.736111656	4.854785092	4.957077668	5.046867148	5.12680812	5.198796961	5.264234544	5.324184484	5.379472972	5.43075428	5.478555178	5.523305902	5.565362282	5.605021893	5.642536048	5.678118877	5.711954281	5.744201338	5.774998559	5.804467267	5.832714316	5.859834293	5.885911314
85	3.353131539	3.881779941	4.196468004	4.420284799	4.593471096	4.734382273	4.852947601	4.955143613	5.044845777	5.124706995	5.196622398	5.261991901	5.321878367	5.377107388	5.428332746	5.476080808	5.520781474	5.56279029	5.602404588	5.639875474	5.675416898	5.709212604	5.741421532	5.772182072	5.801615439	5.829828391	5.856915429	5.882960592
86	3.352383677	3.880732366	4.195207581	4.418856338	4.591902831	4.73269387	4.85115364	4.953255362	5.042872263	5.122655602	5.194499289	5.259802306	5.319626785	5.374797727	5.425968442	5.4736649	5.518316673	5.560279031	5.599849069	5.63727769	5.67277867	5.706535597	5.738707279	5.769431985	5.798830828	5.827010471	5.854065329	5.880079369
87	3.351653312	3.879709328	4.193976688	4.417461344	4.590371302	4.731045008	4.849401682	4.951411309	5.040944929	5.120652195	5.192425829	5.257663901	5.317427824	5.372542031	5.423659362	5.471305405	5.515909411	5.55782638	5.597353174	5.634740501	5.670201963	5.703921	5.736056287	5.76674598	5.796111087	5.82425818	5.851281593	5.877265219
88	3.350939837	3.878709974	4.1927743	4.416098653	4.588875232	4.729434315	4.847689922	4.949609918	5.039062171	5.118695111	5.190400298	5.25557491	5.315279664	5.37033843	5.421403595	5.469000371	5.513557698	5.555430308	5.594914842	5.632261811	5.667684651	5.701366655	5.733466372	5.764121843	5.793453975	5.821569253	5.84856193	5.874515826
89	3.350242673	3.877733493	4.191599437	4.414767157	4.587413406	4.727860479	4.846017649	4.947849728	5.037222462	5.116782762	5.188421052	5.253533642	5.313180562	5.368185139	5.419199315	5.466747935	5.511259632	5.553088882	5.592532104	5.62983962	5.665224704	5.698870505	5.730935447	5.76155746	5.790857355	5.818941527	5.845904153	5.871828982
90	3.349561266	3.876779106	4.190451165	4.413465796	4.58598466	4.726322252	4.844383201	4.946129339	5.035424342	5.114913632	5.186486524	5.251538478	5.311128859	5.366080457	5.41704478	5.464546317	5.5090134	5.550800253	5.59020308	5.62747202	5.662820183	5.696430584	5.72846152	5.759050815	5.788319184	5.816372937	5.843306175	5.869202577
91	3.348895088	3.875846073	4.189328592	4.41219356	4.584587884	4.724818437	4.842785309	4.944447419	5.033666417	5.113086271	5.184595215	5.249587876	5.309122966	5.364022755	5.414938326	5.462393816	5.506817267	5.548562655	5.587925975	5.625157184	5.660469238	5.694045012	5.726042687	5.756599979	5.785837511	5.813861509	5.840765999	5.866634594
92	3.348243635	3.874933685	4.188230864	4.410949481	4.583222017	4.723347892	4.841222761	4.942802691	5.031947353	5.111299296	5.182745693	5.247680359	5.307161367	5.362010478	5.41287836	5.460288807	5.504669576	5.546374402	5.585699072	5.62289337	5.658170097	5.691711995	5.723677128	5.75420311	5.783410471	5.811405357	5.838281719	5.864123106
93	3.347606424	3.874041265	4.187157166	4.409732635	4.581886045	4.721909527	4.839694395	4.941193934	5.030265877	5.109551382	5.180936588	5.245814514	5.305242611	5.360042139	5.410863361	5.458229737	5.502568742	5.544233878	5.58352073	5.620678909	5.655921067	5.689429815	5.721363104	5.751858446	5.781036281	5.809002676	5.835851511	5.86166627
94	3.346982992	3.873168163	4.186106717	4.408542137	4.580578997	4.720502296	4.838199104	4.939619982	5.028620769	5.107841264	5.179166591	5.243988993	5.30336531	5.358116315	5.408891873	5.456215117	5.500513249	5.542139539	5.581389378	5.618512205	5.653720527	5.687196829	5.719098948	5.749564298	5.778713232	5.806651738	5.833473628	5.859262321
95	3.346372898	3.87231376	4.185078771	4.407377141	4.579299943	4.719125199	4.836735825	4.938079718	5.027010861	5.106167727	5.177434446	5.242202501	5.301528135	5.356231643	5.406962501	5.454243524	5.498501644	5.540089907	5.579303511	5.61639173	5.651566927	5.685011463	5.716883066	5.747319053	5.776439691	5.804350892	5.831146398	5.85690957
96	3.345775717	3.871477461	4.184072611	4.406236836	4.578047993	4.717777278	4.835303541	4.936572071	5.025435038	5.104529611	5.175738953	5.2404538	5.299729812	5.354386817	5.405073911	5.452313594	5.496532538	5.538083566	5.577261689	5.61431602	5.649458781	5.682872211	5.714713931	5.745121163	5.774214091	5.802098552	5.828868222	5.8546064
97	3.345191044	3.870658697	4.183087552	4.405120445	4.576822297	4.716457617	4.833901278	4.935096016	5.023892226	5.102925804	5.17407896	5.238741704	5.297969124	5.352580589	5.403224823	5.450424021	5.494604597	5.536119159	5.575262533	5.612283673	5.647394666	5.680777629	5.712590079	5.742969147	5.772034933	5.799893202	5.826637564	5.852351259
98	3.344618491	3.869856921	4.182122938	4.404027225	4.575622035	4.715165336	4.832528102	4.933650571	5.022381401	5.101355238	5.172453364	5.237065076	5.2962449	5.350811759	5.401414012	5.448573552	5.492716544	5.534195385	5.573304718	5.610293344	5.645373215	5.678726332	5.710510108	5.740861583	5.769900779	5.797733387	5.824452954	5.850142662
99	3.344057684	3.869071611	4.181178139	4.402956461	4.574446425	4.713899591	4.831183116	4.932234794	5.020901577	5.099816892	5.170861108	5.235422825	5.29455602	5.349079177	5.3996403	5.446760986	5.490867155	5.532310996	5.571386977	5.608343745	5.643393121	5.676716992	5.708472671	5.738797109	5.767810248	5.79561771	5.82231298	5.847979182
100	3.343508265	3.868302265	4.18025255	4.401907467	4.573294715	4.712659574	4.829865463	4.93084778	5.01945181	5.098309783	5.169301176	5.233813904	5.292901408	5.347381742	5.39790256	5.444985171	5.489055254	5.530464796	5.56950809	5.606433637	5.641453127	5.674748336	5.706476478	5.736774416	5.765762017	5.793544834	5.820216289	5.845859452
101	3.342969894	3.867548403	4.179345595	4.400879592	4.572166187	4.711444511	4.82857432	4.929488666	5.018031198	5.096832974	5.167772598	5.232237314	5.291280036	5.345718398	5.396199711	5.443245003	5.487279716	5.528655638	5.567666893	5.604561836	5.639552031	5.672819143	5.70452029	5.734792252	5.763754818	5.791513474	5.818161582	5.843782158
102	3.342442239	3.866809561	4.178456714	4.3998722	4.571060145	4.710253655	4.827308894	4.928156615	5.016638867	5.095385557	5.166274435	5.230692086	5.28969091	5.344088126	5.394530712	5.441539418	5.485539457	5.526882418	5.565862262	5.6027272	5.637688673	5.670928239	5.70260292	5.732849412	5.761787432	5.789522398	5.816147614	5.841746044
103	3.341924984	3.866085294	4.177585372	4.398884684	4.569975924	4.709086288	4.826068422	4.926850827	5.01527398	5.093966664	5.164805788	5.229177294	5.288133076	5.34248995	5.392894563	5.439867396	5.483833433	5.525144075	5.564093118	5.600928633	5.635861941	5.669074494	5.70072322	5.730944735	5.759858682	5.787570417	5.814173183	5.839749893
104	3.341417823	3.865375176	4.176731055	4.397916464	4.568912884	4.707941723	4.824852175	4.925570533	5.013935735	5.09257546	5.163365794	5.227692047	5.286605619	5.34092293	5.391290304	5.438227954	5.482160645	5.523439589	5.562358423	5.599165081	5.634070765	5.667256822	5.698880092	5.729077108	5.757967444	5.78565639	5.812237135	5.83779254
105	3.340920463	3.864678795	4.175893269	4.396966978	4.567870412	4.706819299	4.823659449	4.924314994	5.012623358	5.091211141	5.161953621	5.22623549	5.285107661	5.339386165	5.38971701	5.436620151	5.480520132	5.521767982	5.560657183	5.597435532	5.632314117	5.665474182	5.697072478	5.727245461	5.756112632	5.783779222	5.810338363	5.835872866
106	3.340432625	3.863995756	4.175071539	4.396035689	4.566847915	4.705718033	4.822489569	4.923083498	5.011336108	5.089872937	5.160568473	5.224806799	5.283638354	5.337878787	5.388173796	5.435043078	5.478910967	5.520128311	5.558988437	5.595739012	5.630591008	5.66372557	5.695299362	5.725448763	5.754293205	5.781937858	5.8084758	5.833989793
107	3.339954036	3.863325681	4.174265407	4.395122077	4.565844826	4.704637997	4.821341885	4.921875361	5.010073269	5.088560105	5.15920958	5.223405183	5.282196885	5.336399961	5.386659805	5.433495865	5.477332263	5.518519671	5.557351265	5.594074585	5.628900487	5.662010022	5.693559767	5.723686024	5.75250816	5.780131284	5.806648421	5.832142285
108	3.339484436	3.862668203	4.173474434	4.394225646	4.564860596	4.703578264	4.820215771	4.920689926	5.008834154	5.08727193	5.157876203	5.222029879	5.28078247	5.334948883	5.385174217	5.43197767	5.475783161	5.516941187	5.555744779	5.592441347	5.627241639	5.660326609	5.69185275	5.721956291	5.750756532	5.778358524	5.804855239	5.830329343
109	3.339023575	3.86202297	4.172698196	4.393345913	4.563894699	4.702538266	4.819110625	4.919526559	5.0076181	5.086007724	5.156567631	5.220680154	5.279394354	5.333524781	5.383716238	5.430487685	5.474262837	5.515392022	5.554168124	5.590838431	5.625613582	5.658674437	5.690177406	5.720258646	5.749037391	5.776618637	5.803095302	5.828550007
110	3.33857121	3.861389644	4.171936285	4.392482418	4.562946628	4.701517458	4.818025867	4.918384648	5.00642447	5.084766824	5.155283177	5.219355299	5.278031811	5.332126909	5.382285108	5.429025131	5.472770496	5.513871365	5.552620478	5.589265	5.624015466	5.657052643	5.688532861	5.718592203	5.747349843	5.774910717	5.801367695	5.826803351
111	3.338127109	3.860767898	4.171188309	4.391634715	4.562015893	4.700515314	4.816960937	4.917263607	5.00525265	5.083548591	5.154022181	5.218054635	5.276694141	5.330754549	5.380880091	5.427589258	5.471305374	5.512378436	5.551101046	5.587720249	5.622446474	5.655460399	5.686918273	5.716956111	5.745693024	5.773233892	5.799671535	5.825088484
112	3.337691047	3.860157417	4.170453888	4.390802374	4.561102024	4.699531326	4.815915298	4.916162867	5.004102046	5.082352412	5.152784006	5.216777505	5.275380669	5.329407008	5.379500479	5.426179343	5.469866733	5.510912485	5.549609065	5.586203399	5.620905816	5.653896903	5.685332832	5.715349549	5.744066102	5.771587319	5.798005972	5.823404545
113	3.337262808	3.859557898	4.169732657	4.389984982	4.560204566	4.698565005	4.814888429	4.915081883	5.002972088	5.081177691	5.151568039	5.215523275	5.274090745	5.328083621	5.378145589	5.424794687	5.46845386	5.509472787	5.548143798	5.584713704	5.619392733	5.652361385	5.683775756	5.713771724	5.742468277	5.769970189	5.796370185	5.821750705
114	3.336842184	3.858969049	4.169024265	4.38918214	4.559323081	4.69761588	4.813879829	4.914020128	5.001862226	5.080023856	5.150373687	5.214291337	5.27282374	5.326783742	5.376814763	5.423434618	5.467066071	5.508058643	5.546704533	5.583250439	5.61790649	5.6508531	5.682246291	5.712221872	5.740898774	5.768381719	5.794763383	5.820126166
115	3.336428973	3.858390586	4.16832837	4.388393463	4.558457147	4.696683496	4.812889016	4.912977092	5.000771927	5.078890357	5.149200379	5.213081099	5.27157905	5.325506753	5.375507365	5.422098488	5.465702702	5.506669379	5.545290585	5.581812908	5.61644638	5.649371331	5.680743707	5.710699255	5.739356848	5.766821153	5.793184802	5.818530154
116	3.336022981	3.857822238	4.167644647	4.387618578	4.557606355	4.695767413	4.811915524	4.911952286	4.99970068	5.077776659	5.148047563	5.211891995	5.270356089	5.324252052	5.374222783	5.42078567	5.464363116	5.505304343	5.543901292	5.580400438	5.615011719	5.647915384	5.679267304	5.709203164	5.737841777	5.765287763	5.791633707	5.816961926
117	3.33562402	3.857263742	4.166972777	4.386857128	4.556770312	4.694867209	4.810958901	4.910945236	4.998647989	5.076682249	5.146914709	5.210723476	5.269154295	5.323019063	5.372960424	5.419495558	5.463046695	5.503962909	5.542536014	5.579012379	5.613601849	5.64648459	5.677816404	5.707732909	5.736352867	5.763780845	5.790109384	5.815420763
118	3.335231909	3.856714843	4.166312456	4.386108766	4.555948637	4.693982474	4.810018714	4.909955483	4.997613377	5.07560663	5.145801301	5.209575011	5.267973123	5.321807225	5.371719716	5.41822757	5.461752844	5.502644468	5.541194134	5.577648104	5.612216132	5.645078303	5.67639035	5.706287829	5.734889446	5.76229972	5.788611148	5.813905969
119	3.334846474	3.856175297	4.165663388	4.385373158	4.555140965	4.693112812	4.809094542	4.908982587	4.996596381	5.074549322	5.144706844	5.208446089	5.266812045	5.320616001	5.370500108	5.416981141	5.460480987	5.501348436	5.539875056	5.576307007	5.610853953	5.643695899	5.67498851	5.704867282	5.733450865	5.760843731	5.787138334	5.812416875
120	3.334467545	3.855644861	4.165025263	4.384649906	4.554346773	4.692257983	4.808186219	4.90802612	4.995596555	5.07350986	5.143630856	5.207336214	5.265670552	5.319444864	5.369301061	5.415755719	5.45923056	5.500074234	5.538578191	5.574988487	5.609514698	5.642336753	5.673610248	5.703470619	5.732036464	5.759412208	5.785690262	5.810952788
121	3.334094959	3.855123317	4.164397855	4.383938845	4.553566049	4.691417339	4.807292882	4.907085671	4.994613469	5.072487799	5.142572877	5.206244911	5.264548157	5.318293318	5.368122069	5.41455079	5.458001042	5.498821337	5.537303007	5.573692009	5.608197831	5.641000326	5.672255023	5.7020973	5.730645702	5.758004609	5.784266389	5.809513168
122	3.333728558	3.854610437	4.163780873	4.3832396	4.552798297	4.690590662	4.806414383	4.906160839	4.993646706	5.071482704	5.141532456	5.205171716	5.263444382	5.317160871	5.366962628	5.413365839	5.456791906	5.497589204	5.536048954	5.57241701	5.606902776	5.639686031	5.670922238	5.700746716	5.729277962	5.756620306	5.782866077	5.808097365
123	3.33336819	3.854106009	4.163174059	4.382551879	4.552043196	4.689777605	4.805550356	4.905251239	4.992695862	5.070494156	5.140509161	5.204116182	5.262358768	5.316047054	5.365822256	5.412200373	5.455602648	5.496377325	5.53481551	5.571162961	5.605628997	5.638393324	5.66961134	5.699418309	5.727932675	5.755258725	5.781488747	5.806704794
124	3.333013706	3.853609823	4.162577164	4.381875399	4.551300437	4.688977834	4.804700447	4.904356497	4.991760548	5.06952175	5.139502571	5.203077877	5.26129087	5.31495141	5.364700487	5.411053915	5.454432783	5.495185204	5.533602172	5.56992935	5.604375974	5.637121678	5.668321796	5.698111537	5.726609294	5.753919311	5.780133837	5.805334888
125	3.332664963	3.853121682	4.161989947	4.381209887	4.550569719	4.688191028	4.803864311	4.903476254	4.990840386	5.068565094	5.138512282	5.202056383	5.260240258	5.313873497	5.363596869	5.409926004	5.45328184	5.494012361	5.532408451	5.568715681	5.603143203	5.635870581	5.667053088	5.696825875	5.725307289	5.752601529	5.778800805	5.803987098
126	3.332321824	3.852641389	4.161412173	4.380555078	4.549850752	4.687416872	4.803041618	4.902610159	4.989935011	5.067623809	5.137537901	5.201051294	5.259206517	5.31281289	5.362510965	5.408816194	5.452149364	5.492858333	5.531233877	5.567521475	5.601930198	5.634639541	5.665804714	5.695560817	5.724026145	5.751304857	5.777489124	5.802660893
127	3.331984154	3.852168757	4.160843618	4.379910717	4.549143255	4.686655065	4.802232044	4.901757873	4.989044069	5.066697526	5.136579047	5.200062219	5.258189242	5.311769174	5.361442352	5.407724052	5.451034914	5.49172267	5.530077993	5.566346267	5.600736487	5.633428078	5.664576191	5.69431587	5.722765366	5.750028793	5.776198287	5.801355759
128	3.331651824	3.851703605	4.160284063	4.379276554	4.548446955	4.685905313	4.80143528	4.90091907	4.988167218	5.065785891	5.135635352	5.199088777	5.257188044	5.310741949	5.36039062	5.40664916	5.449938063	5.490604939	5.528940355	5.565189608	5.599561614	5.63223573	5.663367047	5.693090559	5.721524469	5.74877285	5.7749278	5.800071197
129	3.331324707	3.851245757	4.159733294	4.378652351	4.547761589	4.685167332	4.800651024	4.900093432	4.987304127	5.064888558	5.134706459	5.198130602	5.256202544	5.309730828	5.359355374	5.405591113	5.448858397	5.489504716	5.527820535	5.564051061	5.598405135	5.631062047	5.66217683	5.691884424	5.720302988	5.747536556	5.773677186	5.798806726
130	3.331002683	3.850795041	4.159191108	4.378037873	4.547086901	4.684440848	4.799878983	4.89928065	4.986454474	5.064005193	5.133792024	5.197187337	5.255232376	5.308735434	5.358336227	5.404549517	5.447795516	5.488421596	5.526718119	5.562930206	5.597266623	5.629906595	5.661005096	5.690697017	5.719100472	5.746319452	5.772445982	5.797561877
131	3.330685632	3.850351293	4.158657304	4.377432897	4.546422644	4.683725593	4.799118873	4.898480429	4.985617947	5.063135474	5.132891711	5.196258637	5.254277186	5.307755405	5.357332808	5.403523993	5.446749032	5.487355181	5.525632702	5.561826632	5.596145663	5.628768952	5.65985142	5.689527907	5.717916481	5.745121096	5.77123374	5.796336197
132	3.330373442	3.849914352	4.158131691	4.376837202	4.545768577	4.683021311	4.798370422	4.897692478	4.984794245	5.062279085	5.132005195	5.195344166	5.253336629	5.306790386	5.356344755	5.40251417	5.445718568	5.486305088	5.524563896	5.560739944	5.59504185	5.62764871	5.658715387	5.688376673	5.716750592	5.743941058	5.770040026	5.795129247
133	3.330066	3.849484062	4.157614081	4.376250577	4.545124468	4.682327749	4.797633362	4.896916517	4.983983075	5.061435724	5.131132163	5.194443601	5.252410371	5.305840035	5.355371718	5.401519691	5.444703759	5.485270946	5.523511322	5.559669757	5.593954796	5.626545473	5.657596596	5.687242908	5.715602391	5.742778921	5.768864418	5.793940601
134	3.3297632	3.849060273	4.157104292	4.375672817	4.544490091	4.681644665	4.796907084	4.896152275	4.983184154	5.060605095	5.130272307	5.193556626	5.251498089	5.304904022	5.354413357	5.40054021	5.44370425	5.484252393	5.522474613	5.558615697	5.592884121	5.625458856	5.656494657	5.686126219	5.714471481	5.741634282	5.767706507	5.792769847
135	3.329464937	3.848642839	4.156602149	4.375103722	4.543865228	4.680971823	4.796192032	4.895399488	4.982397206	5.059786911	5.129425334	5.192682937	5.250599468	5.303982023	5.353469344	5.399575389	5.4427197	5.483249081	5.521453413	5.557577403	5.591829458	5.624388487	5.655409192	5.685026222	5.713357473	5.740506747	5.766565896	5.791616582
136	3.32917111	3.848231617	4.15610748	4.374543098	4.543249665	4.680308995	4.79548762	4.894657901	4.981621964	5.058980896	5.128590954	5.191822237	5.249714205	5.303073727	5.352539357	5.398624902	5.441749773	5.482260669	5.520447377	5.556554525	5.59079045	5.623334004	5.654339835	5.683942545	5.712259991	5.739395936	5.765442202	5.790480418
137	3.32888162	3.847826471	4.155620121	4.373990758	4.542643197	4.679655959	4.794793613	4.893927266	4.980858168	5.05818678	5.12776889	5.190974238	5.248842004	5.30217883	5.351623087	5.397688431	5.440794148	5.481286828	5.519456169	5.55554672	5.589766752	5.622295056	5.65328623	5.682874829	5.71117867	5.738301481	5.76433505	5.789360978
138	3.328596373	3.847427266	4.155139911	4.37344652	4.542045625	4.6790125	4.794109782	4.893207342	4.980105567	5.057404302	5.126958871	5.190138662	5.247982578	5.301297037	5.350720233	5.396765669	5.43985251	5.480327238	5.518479464	5.554553659	5.588758028	5.621271303	5.652248031	5.681822723	5.710113156	5.737223022	5.763244077	5.788257895
139	3.328315275	3.847033873	4.154666693	4.372910206	4.541456752	4.678378408	4.793435903	4.892497895	4.979363917	5.056633207	5.126160634	5.189315238	5.247135648	5.300428064	5.349830502	5.395856318	5.438924554	5.47938159	5.517516947	5.553575021	5.587763951	5.620262413	5.651224903	5.680785888	5.709063105	5.736160212	5.762168933	5.787170813
140	3.328038237	3.846646166	4.154200315	4.372381645	4.540876391	4.67775348	4.792771763	4.891798698	4.978632981	5.055873248	5.125373923	5.188503702	5.246300943	5.299571633	5.348953609	5.394960087	5.438009984	5.47844958	5.516568309	5.552610493	5.586784205	5.619268065	5.650216521	5.679763994	5.708028183	5.735112712	5.761109275	5.786099387
141	3.327765172	3.846264022	4.153740631	4.37186067	4.540304359	4.67713752	4.792117151	4.89110953	4.977912527	5.055124187	5.124598492	5.187703799	5.245478202	5.298727474	5.34808928	5.394076693	5.437108512	5.477530917	5.515633254	5.551659772	5.585818482	5.618287947	5.649222567	5.678756719	5.707008065	5.734080195	5.76006477	5.785043281
142	3.327495994	3.845887323	4.153287498	4.371347119	4.539740478	4.676530335	4.791471864	4.890430178	4.977202333	5.054385791	5.123834098	5.18691528	5.244667168	5.297895325	5.347237247	5.393205864	5.43621986	5.476625315	5.514711491	5.550722565	5.584866484	5.617321757	5.648242734	5.677763753	5.706002436	5.73306234	5.759035096	5.784002169
143	3.327230622	3.845515952	4.152840776	4.370840834	4.539184574	4.675931739	4.790835703	4.889760433	4.97650218	5.053657833	5.123080509	5.186137904	5.243867593	5.297074932	5.346397248	5.392347334	5.435343756	5.475732498	5.51380274	5.549798585	5.583927919	5.616369198	5.647276724	5.676784793	5.70501099	5.732058838	5.75801994	5.782975734
144	3.326968975	3.845149799	4.15240033	4.370341662	4.53863648	4.675341552	4.790208477	4.889100092	4.975811858	5.052940094	5.122337496	5.185371438	5.243079237	5.296266047	5.34556903	5.391500842	5.434479936	5.474852198	5.512906726	5.548887554	5.583002506	5.615429985	5.646324246	5.675819544	5.704033428	5.731069387	5.757018997	5.781963667
145	3.326710975	3.844788752	4.151966029	4.369849455	4.538096032	4.674759597	4.789589999	4.88844896	4.975131159	5.052232359	5.12160484	5.184615652	5.242301864	5.29546843	5.344752348	5.390666139	5.433628143	5.473984153	5.512023184	5.547989202	5.58208997	5.614503839	5.645385018	5.674867721	5.703069461	5.730093695	5.75603197	5.780965669
146	3.326456546	3.844432708	4.151537745	4.369364067	4.537563072	4.674185703	4.788980086	4.887806844	4.974459886	5.051534423	5.120882323	5.183870325	5.241535248	5.294681848	5.343946962	5.389842979	5.432788129	5.473128108	5.511151856	5.547103266	5.581190045	5.61359049	5.644458765	5.673929045	5.702118807	5.729131476	5.755058571	5.77998145
147	3.326205615	3.844081561	4.151115354	4.368885357	4.537037444	4.673619704	4.788378563	4.887173559	4.973797843	5.050846081	5.120169739	5.183135241	5.240779166	5.293906072	5.343152639	5.389031125	5.431959649	5.472283817	5.510292489	5.546229491	5.58030247	5.612689674	5.643545221	5.673003247	5.701181193	5.728182454	5.75409852	5.779010724
148	3.325958111	3.843735212	4.150698736	4.36841319	4.536518999	4.673061439	4.787785257	4.886548924	4.973144841	5.050167138	5.119466882	5.182410191	5.240033402	5.293140882	5.342369154	5.388230345	5.431142469	5.47145104	5.509444839	5.545367627	5.579426993	5.611801134	5.642644125	5.672090062	5.700256351	5.727246358	5.753151544	5.778053218
149	3.325713963	3.843393564	4.150287772	4.367947431	4.536007589	4.672510749	4.787200001	4.885932763	4.972500696	5.049497403	5.118773556	5.181694971	5.239297747	5.292386063	5.341596285	5.387440415	5.430336359	5.470629542	5.508608668	5.544517433	5.578563369	5.610924622	5.641755226	5.671189235	5.699344024	5.726322927	5.752217378	5.777108662
150	3.325473103	3.84305652	4.149882349	4.367487951	4.535503074	4.671967482	4.786622633	4.885324904	4.971865229	5.04883669	5.118089568	5.180989382	5.238571997	5.291641404	5.340833818	5.386661115	5.429541096	5.469819096	5.507783745	5.543678674	5.577711358	5.610059896	5.640878276	5.670300517	5.698443959	5.725411905	5.751295764	5.776176796
151	3.325235467	3.84272399	4.149482355	4.367034625	4.535005315	4.671431489	4.786052993	4.884725181	4.971238267	5.048184817	5.11741473	5.18029323	5.237855953	5.290906703	5.340081546	5.385892233	5.428756461	5.46901948	5.506969844	5.54285112	5.576870728	5.609206718	5.640013037	5.669423665	5.697555909	5.724513044	5.750386451	5.775257366
152	3.325000988	3.842395881	4.149087681	4.366587328	4.534514176	4.670902624	4.785490929	4.884133433	4.970619639	5.047541608	5.11674886	5.179606329	5.237149422	5.290181761	5.339339264	5.38513356	5.427982244	5.468230479	5.506166746	5.542034549	5.576041253	5.60836486	5.639159275	5.668558443	5.696679637	5.723626102	5.749489194	5.774350125
153	3.324769606	3.842072108	4.148698223	4.366145943	4.534029527	4.670380747	4.784936289	4.883549499	4.970009181	5.046906892	5.116091781	5.178928494	5.236452215	5.289466385	5.338606775	5.384384895	5.427218238	5.467451883	5.505374237	5.541228743	5.575222711	5.607534097	5.638316765	5.667704621	5.695814909	5.722750844	5.748603754	5.773454831
154	3.324541259	3.841752585	4.148313878	4.365710351	4.533551239	4.669865719	4.784388928	4.882973228	4.969406731	5.046280502	5.115443319	5.178259548	5.235764149	5.288760386	5.337883887	5.383646041	5.426464243	5.466683487	5.504592109	5.54043349	5.574414888	5.606714212	5.637485284	5.666861976	5.694961499	5.721887039	5.747729901	5.772571251
155	3.324315887	3.841437228	4.147934545	4.365280441	4.533079189	4.669357407	4.783848703	4.882404469	4.968812133	5.045662275	5.114803307	5.177599317	5.235085045	5.288063582	5.337170412	5.382916807	5.425720063	5.465925092	5.50382016	5.539648586	5.573617576	5.605904993	5.636664618	5.66603029	5.694119186	5.721034466	5.746867408	5.771699156
156	3.324093433	3.841125956	4.147560127	4.364856101	4.532613255	4.66885568	4.783315476	4.881843076	4.968225235	5.045052052	5.11417158	5.176947631	5.23441473	5.287375794	5.336466167	5.382197005	5.424985508	5.465176504	5.503058191	5.538873828	5.572830569	5.605106231	5.635854558	5.66520935	5.693287755	5.720192905	5.746016054	5.770838324
157	3.323873841	3.840818691	4.14719053	4.364437224	4.532153319	4.668360411	4.782789111	4.881288906	4.967645888	5.044449679	5.113547978	5.176304325	5.233753033	5.286696848	5.335770975	5.381486455	5.424260392	5.464437535	5.502306012	5.538109023	5.57205367	5.604317728	5.635054898	5.664398949	5.692466997	5.719362146	5.745175626	5.769988538
158	3.323657055	3.840515356	4.14682566	4.364023705	4.531699266	4.667871477	4.782269477	4.880741823	4.967073948	5.043855005	5.112932345	5.17566924	5.233099791	5.286026576	5.335084662	5.380784979	5.423544535	5.463708	5.501563434	5.537353978	5.571286686	5.603539285	5.634265441	5.663598886	5.691656707	5.718541982	5.744345915	5.769149586
159	3.323443023	3.840215876	4.146465428	4.363615442	4.531250984	4.667388756	4.781756446	4.88020169	4.966509272	5.043267884	5.11232453	5.175042218	5.232454841	5.285364811	5.334407059	5.380092403	5.42283776	5.462987719	5.500830274	5.536608509	5.570529427	5.602770712	5.633485991	5.662808964	5.690856687	5.717732211	5.743526717	5.768321263
160	3.323231692	3.839920178	4.146109746	4.363212336	4.530808363	4.66691213	4.781249893	4.879668375	4.965951724	5.042688173	5.111724386	5.174423108	5.231818028	5.284711392	5.333738001	5.379408561	5.422139896	5.462276518	5.500106355	5.535872435	5.569781709	5.602011821	5.63271636	5.662028991	5.690066742	5.716932637	5.742717834	5.767503368
161	3.323023011	3.839628191	4.145758528	4.362814289	4.530371298	4.666441486	4.780749695	4.879141751	4.96540117	5.042115732	5.111131766	5.173811759	5.231189197	5.284066164	5.333077328	5.378733287	5.421450775	5.461574226	5.499391504	5.535145579	5.569043355	5.601262433	5.631956364	5.661258781	5.689286683	5.716143068	5.741919071	5.766695706
162	3.322816931	3.839339844	4.145411691	4.362421206	4.529939683	4.665976365	4.780255734	4.878621693	4.964857478	5.041550426	5.110546532	5.173208028	5.2305682	5.283428973	5.332424883	5.378066422	5.420770233	5.460880677	5.49868555	5.534427768	5.568314188	5.600522368	5.631205822	5.660498152	5.688516327	5.715363319	5.74113024	5.765898085
163	3.322613403	3.839055072	4.145069153	4.362032997	4.529513418	4.665517344	4.779767894	4.878108078	4.964320522	5.040992122	5.109968545	5.172611772	5.229954891	5.282799669	5.331780514	5.37740781	5.420098113	5.460195708	5.497988329	5.533718836	5.567594039	5.599791454	5.63046456	5.659746926	5.687755492	5.714593207	5.740351158	5.76511032
164	3.322412381	3.838773807	4.144730834	4.361649569	4.529092403	4.665063978	4.779286062	4.877600787	4.963790177	5.04044069	5.109397672	5.172022854	5.229349129	5.282178107	5.33114407	5.376757298	5.419434258	5.459519161	5.497299679	5.533018619	5.566882741	5.599069523	5.629732407	5.65900493	5.687004005	5.713832554	5.739581644	5.764332229
165	3.322213818	3.838495985	4.144396658	4.361270836	4.528676544	4.664616161	4.778810127	4.877099705	4.963266321	5.039896005	5.108833783	5.171441139	5.228750774	5.281564145	5.330515408	5.376114738	5.418778516	5.458850882	5.496619445	5.532326956	5.566180132	5.59835641	5.629009195	5.658271994	5.686261692	5.713081187	5.738821524	5.763563635
166	3.322017669	3.838221543	4.144066549	4.360896712	4.528265744	4.664173793	4.778339983	4.876604718	4.962748836	5.039357944	5.108276749	5.170866496	5.228159693	5.280957645	5.329894385	5.375479984	5.418130741	5.458190721	5.495947471	5.531643692	5.565486054	5.597651954	5.628294762	5.657547954	5.685528389	5.712338938	5.738070626	5.762804365
167	3.321823891	3.837950421	4.143740432	4.360527113	4.527859913	4.663736774	4.777875523	4.876115715	4.962237606	5.038826386	5.107726448	5.170298796	5.227575753	5.280358472	5.329280862	5.374852897	5.417490787	5.457538529	5.495283609	5.530968676	5.564800353	5.596955998	5.627588949	5.656832649	5.68480393	5.711605641	5.737328783	5.762054251
168	3.321632442	3.837682557	4.143418236	4.360161958	4.527458961	4.663305009	4.777416646	4.875632589	4.96173252	5.038301214	5.107182756	5.169737915	5.226998825	5.279766493	5.328674706	5.374233337	5.416858515	5.456894165	5.494627714	5.530301758	5.564122877	5.59626839	5.6268916	5.656125922	5.684088158	5.710881136	5.736595834	5.761313128
169	3.321443278	3.837417895	4.143099891	4.359801167	4.5270628	4.662878403	4.776963251	4.875155234	4.961233467	5.037782314	5.106645557	5.16918373	5.226428785	5.279181579	5.328075783	5.373621169	5.416233786	5.456257487	5.493979641	5.529642793	5.56345348	5.595588981	5.626202566	5.655427619	5.683380918	5.710165265	5.735871618	5.760580835
170	3.32125636	3.837156376	4.142785328	4.359444662	4.526671346	4.662456864	4.77651524	4.874683548	4.960740338	5.037269574	5.106114735	5.168636123	5.225865509	5.278603606	5.327483965	5.373016263	5.415616466	5.455628359	5.493339253	5.528991641	5.562792018	5.594917624	5.625521697	5.65473759	5.682682057	5.709457874	5.735155981	5.759857215
171	3.321071648	3.836897945	4.142474479	4.359092367	4.526284514	4.662040303	4.77607252	4.87421743	4.960253031	5.036762885	5.105590176	5.168094976	5.225308877	5.278032449	5.326899127	5.37241849	5.415006424	5.455006648	5.492706412	5.528348164	5.562138351	5.594254178	5.624848849	5.654055691	5.681991427	5.708758815	5.734448772	5.759142116
172	3.320889103	3.836642548	4.142167281	4.358744209	4.525902224	4.661628631	4.775634995	4.873756782	4.959771441	5.036262141	5.10507177	5.167560176	5.224758773	5.27746799	5.326321145	5.371827725	5.414403533	5.454392223	5.492080988	5.527712225	5.561492341	5.593598503	5.624183883	5.653381776	5.681308885	5.708067941	5.733749841	5.758435388
173	3.320708687	3.836390131	4.141863667	4.358400114	4.525524395	4.661221764	4.775202576	4.873301509	4.95929547	5.035767238	5.10455941	5.167031612	5.224215083	5.276910111	5.325749901	5.371243844	5.413807667	5.453784957	5.49146285	5.527083694	5.560853856	5.592950464	5.623526659	5.652715708	5.680634288	5.707385108	5.733059046	5.757736884
174	3.320530363	3.836140643	4.141563577	4.358060012	4.525150951	4.660819617	4.774775173	4.872851516	4.958825018	5.035278073	5.104052991	5.166509177	5.223677696	5.276358698	5.325185276	5.370666729	5.413218705	5.453184725	5.490851871	5.526462442	5.560222764	5.592309928	5.622877044	5.65205735	5.679967499	5.706710178	5.732376243	5.757046462
175	3.320354095	3.835894033	4.14126695	4.357723834	4.524781815	4.660422109	4.7743527	4.872406713	4.958359992	5.034794549	5.10355241	5.165992762	5.223146501	5.275813639	5.324627157	5.370096262	5.412636526	5.452591406	5.490247928	5.525848344	5.559598937	5.591676766	5.622234905	5.651406569	5.679308383	5.706043013	5.731701297	5.756363982
176	3.320179848	3.835650252	4.140973725	4.357391513	4.524416913	4.660029161	4.773935072	4.871967011	4.957900297	5.034316567	5.103057566	5.165482266	5.222621393	5.275274824	5.324075431	5.369532329	5.412061015	5.452004882	5.4896509	5.525241276	5.558982252	5.59105085	5.621600116	5.650763235	5.678656809	5.705383482	5.731034071	5.755689309
177	3.320007586	3.835409251	4.140683844	4.357062982	4.524056173	4.659640693	4.773522206	4.871532321	4.957445842	5.033844033	5.102568362	5.164977588	5.222102268	5.274742148	5.32352999	5.368974819	5.411492058	5.451425035	5.489060669	5.524641118	5.558372585	5.590432058	5.62097255	5.650127221	5.678012647	5.704731452	5.730374435	5.755022308
178	3.319837277	3.835170982	4.140397251	4.356738176	4.523699523	4.659256631	4.773114021	4.871102559	4.956996539	5.033376855	5.102084702	5.164478627	5.221589025	5.274215506	5.322990726	5.368423622	5.410929543	5.450851754	5.488477119	5.524047753	5.557769819	5.589820268	5.620352085	5.649498402	5.677375773	5.704086798	5.729722259	5.754362851
179	3.319668887	3.8349354	4.14011389	4.356417034	4.523346896	4.658876899	4.772710438	4.870677642	4.9565523	5.032914942	5.101606491	5.163985288	5.221081562	5.273694795	5.322457535	5.367878632	5.410373361	5.450284926	5.487900138	5.523461067	5.557173836	5.589215362	5.619738601	5.648876658	5.676746062	5.703449395	5.729077418	5.753710809
180	3.319502384	3.83470246	4.139833707	4.356099493	4.522998223	4.658501424	4.77231138	4.870257488	4.956113039	5.032458205	5.101133639	5.163497476	5.220579785	5.273179917	5.321930316	5.367339745	5.409823407	5.449724444	5.487329616	5.522880947	5.556584522	5.588617225	5.619131981	5.648261869	5.676123395	5.702819121	5.728439788	5.753066059
181	3.319337737	3.834472117	4.139556648	4.355785493	4.522653437	4.658130136	4.77191677	4.869842018	4.955678675	5.032006558	5.100666056	5.163015099	5.220083597	5.272670774	5.321408968	5.366806859	5.409279576	5.449170201	5.486765444	5.522307284	5.556001767	5.588025744	5.61853211	5.647653919	5.675507655	5.702195857	5.727809249	5.752428478
182	3.319174914	3.834244327	4.139282662	4.355474975	4.522312476	4.657762965	4.771526535	4.869431153	4.955249125	5.031559916	5.100203654	5.162538066	5.219592906	5.27216727	5.320893395	5.366279874	5.408741766	5.448622095	5.486207518	5.52173997	5.555425461	5.587440808	5.617938877	5.647052696	5.674898726	5.701579487	5.727185684	5.751797948
183	3.319013885	3.83401905	4.139011697	4.355167882	4.521975274	4.657399843	4.771140603	4.869024817	4.95482431	5.031118197	5.099746347	5.16206629	5.219107621	5.271669312	5.3203835	5.365758692	5.408209878	5.448080023	5.485655733	5.521178901	5.554855498	5.586862309	5.617352171	5.646458087	5.674296496	5.700969897	5.726568978	5.751174352
184	3.318854622	3.833796243	4.138743704	4.354864157	4.52164177	4.657040702	4.770758902	4.868622937	4.954404152	5.03068132	5.099294052	5.161599683	5.218627653	5.27117681	5.31987919	5.365243218	5.407683816	5.447543887	5.48510999	5.520623975	5.554291774	5.586290141	5.616771886	5.645869985	5.673700855	5.700366976	5.725959017	5.750557578
185	3.318697094	3.833575867	4.138478635	4.354563745	4.521311904	4.656685479	4.770381364	4.868225438	4.953988574	5.030249205	5.098846688	5.161138161	5.218152915	5.270689674	5.319380374	5.364733359	5.407163482	5.447013589	5.484570189	5.52007509	5.553734186	5.585724202	5.616197917	5.645288283	5.673111696	5.699770615	5.725355693	5.749947513
186	3.318541275	3.83335788	4.138216441	4.354266592	4.520985617	4.656334108	4.770007921	4.867832251	4.953577503	5.029821775	5.098404173	5.160681642	5.217683322	5.270207816	5.318886963	5.364229024	5.406648785	5.446489036	5.484036235	5.519532148	5.553182637	5.58516439	5.615630161	5.644712877	5.672528913	5.699180707	5.724758897	5.749344048
187	3.318387135	3.833142246	4.137957076	4.353972646	4.52066285	4.655986529	4.769638507	4.867443304	4.953170865	5.029398954	5.097966429	5.160230045	5.217218791	5.269731153	5.318398869	5.363730124	5.406139634	5.445970133	5.483508032	5.518995055	5.552637026	5.584610606	5.615068518	5.644143666	5.671952403	5.69859715	5.724168524	5.748747077
188	3.318234649	3.832928926	4.137700495	4.353681855	4.520343547	4.655642679	4.769273056	4.86705853	4.95276859	5.028980669	5.09753338	5.15978329	5.216759241	5.269259599	5.317916008	5.363236571	5.405635939	5.44545679	5.482985488	5.518463715	5.552097261	5.584062753	5.614512889	5.643580551	5.671382066	5.698019839	5.723584471	5.748156497
189	3.31808379	3.832717882	4.137446654	4.353394168	4.520027653	4.6553025	4.768911505	4.866677862	4.952370606	5.028566846	5.09710495	5.159341301	5.216304591	5.268793073	5.317438294	5.362748279	5.405137613	5.444948919	5.482468512	5.517938037	5.551563246	5.583520736	5.61396318	5.643023433	5.670817803	5.697448677	5.723006636	5.747572204
190	3.317934531	3.832509079	4.137195507	4.353109535	4.519715113	4.654965932	4.768553793	4.866301235	4.951976847	5.028157414	5.096681066	5.158904	5.215854765	5.268331496	5.316965647	5.362265165	5.404644571	5.444446432	5.481957017	5.517417931	5.55103489	5.582984463	5.613419295	5.642472217	5.670259518	5.696883564	5.722434922	5.746994098
191	3.317786848	3.832302482	4.136947014	4.352827909	4.519405874	4.654632919	4.768199858	4.865928585	4.951587244	5.027752304	5.096261656	5.158471314	5.215409685	5.267874789	5.316497986	5.361787147	5.404156729	5.443949244	5.481450916	5.516903308	5.550512105	5.582453843	5.612881142	5.641926811	5.669707116	5.696324406	5.721869231	5.746422083
192	3.317640715	3.832098055	4.136701131	4.352549243	4.519099884	4.654303404	4.767849641	4.865559848	4.951201733	5.027351448	5.09584665	5.158043171	5.214969277	5.267422875	5.316035233	5.361314145	5.403674005	5.443457271	5.480950123	5.516394083	5.549994802	5.581928788	5.612348632	5.641387122	5.669160504	5.695771108	5.721309469	5.745856063
193	3.317496109	3.831895764	4.136457818	4.352273489	4.518797092	4.653977333	4.767503083	4.865194964	4.95082025	5.02695478	5.095435978	5.157619499	5.214533468	5.266975679	5.31557731	5.36084608	5.403196319	5.442970433	5.480454555	5.515890171	5.549482896	5.581409209	5.611821676	5.640853062	5.668619593	5.69522358	5.720755543	5.745295943
194	3.317353006	3.831695577	4.136217036	4.352000602	4.518497448	4.653654652	4.767160128	4.864833873	4.950442731	5.026562233	5.095029573	5.157200228	5.214102185	5.266533128	5.315124143	5.360382876	5.402723593	5.442488649	5.479964132	5.515391489	5.548976302	5.580895021	5.611300188	5.640324543	5.668084293	5.694681732	5.720207362	5.744741632
195	3.317211382	3.831497459	4.135978744	4.351730538	4.518200903	4.653335308	4.76682072	4.864476516	4.950069115	5.026173745	5.094627369	5.156785291	5.21367536	5.26609515	5.314675658	5.359924456	5.40225575	5.442011841	5.479478773	5.514897956	5.548474939	5.580386142	5.610784082	5.639801478	5.667554517	5.694145474	5.719664838	5.74419304
196	3.317071214	3.831301381	4.135742904	4.351463253	4.517907411	4.65301925	4.766484803	4.864122834	4.949699343	5.025789252	5.0942293	5.15637462	5.213252923	5.265661674	5.314231783	5.359470748	5.401792714	5.441539932	5.478998401	5.514409493	5.547978725	5.57988249	5.610273277	5.639283785	5.667030181	5.693614722	5.719127882	5.743650079
197	3.31693248	3.831107309	4.135509479	4.351198704	4.517616922	4.652706428	4.766152325	4.863772773	4.949333354	5.025408693	5.093835305	5.15596815	5.212834806	5.265232631	5.313792447	5.359021679	5.401334412	5.441072847	5.478522939	5.513926022	5.547487583	5.579383983	5.609767691	5.63877138	5.6665112	5.693089392	5.718596411	5.743112662
198	3.316795159	3.830915215	4.135278431	4.350936851	4.517329393	4.652396791	4.765823233	4.863426276	4.948971092	5.025032008	5.09344532	5.155565817	5.212420945	5.264807954	5.31335758	5.358577178	5.400880772	5.440610512	5.478052312	5.513447468	5.547001433	5.578890545	5.609267244	5.638264184	5.665997495	5.692569399	5.718070339	5.742580706
199	3.316659228	3.830725066	4.135049725	4.350677651	4.517044778	4.652090292	4.765497475	4.863083289	4.948612499	5.024659138	5.093059284	5.155167558	5.212011273	5.264387576	5.312927116	5.358137176	5.400431723	5.440152856	5.477586447	5.512973755	5.546520202	5.578402098	5.608771858	5.637762117	5.665488983	5.692054665	5.717549587	5.742054128
200	3.316524668	3.830536835	4.134823325	4.350421065	4.516763032	4.651786883	4.765175001	4.862743759	4.94825752	5.024290026	5.092677138	5.154773311	5.211605729	5.263971433	5.312500987	5.357701605	5.399987195	5.439699808	5.477125271	5.51250481	5.546043814	5.577918566	5.608281458	5.637265101	5.664985588	5.691545108	5.717034072	5.741532845
