2	3	4	5	6	7	8	9	10	11	12	13	14	15	16	17	18	19	20	21	22	23	24	25	26	27	28	29	30
2	6.079637419	8.330782551	9.799010601	10.88111414	11.73360746	12.43455775	13.02821643	13.54195666	13.99385404	14.39646716	14.75888148	15.08788775	15.3886988	15.66540566	15.92127901	16.15897535	16.38068171	16.58822009	16.78312416	16.96669686	17.14005422	17.30415933	17.45984883	17.60785402	17.74881767	17.88330765	18.01182805	18.13482531
3	4.500658726	5.909663249	6.824526451	7.501659376	8.037084499	8.478315992	8.852498008	9.176615059	9.461993743	9.71655496	9.946046905	10.15476743	10.34601028	10.5223528	10.68584802	10.83815682	10.98064114	11.11443123	11.24047508	11.35957543	11.47241788	11.57959195	11.6816101	11.77891801	11.87190717	11.96092292	12.04627142	12.12822535
4	3.92650335	5.04024125	5.757058416	6.287026999	6.706438597	7.052553655	7.346518735	7.601519465	7.826335136	8.027103771	8.2082829	8.373209857	8.52444668	8.66400198	8.793478574	8.914175553	9.027159812	9.133317919	9.233394287	9.328019782	9.417733507	9.50299962	9.584220487	9.661747087	9.735887322	9.806912722	9.875063906	9.94055506
5	3.635351421	4.601725446	5.218324875	5.673124539	6.032902683	6.32990096	6.582300738	6.801397918	6.994697778	7.167442232	7.323435779	7.465526105	7.59589918	7.716268783	7.828002767	7.932209833	8.029800757	8.121532587	8.208041189	8.289865642	8.367466809	8.441241673	8.511534543	8.578645664	8.642839295	8.704347958	8.763378037	8.820113356
6	3.460455666	4.339195313	4.895599184	5.304890706	5.62835325	5.895309335	6.122202195	6.319211268	6.493084741	6.648528133	6.788953255	6.916912199	7.034363401	7.142841466	7.243571555	7.337546621	7.425582434	7.50835718	7.586440596	7.660315803	7.730395917	7.797036878	7.860547467	7.921197239	7.979222851	8.034833172	8.088213442	8.139528681
7	3.344083686	4.1649415	4.6812755	5.06007419	5.359078566	5.605721312	5.815313925	5.997304865	6.157943704	6.301581353	6.431368927	6.549661586	6.658265456	6.758595647	6.851781233	6.938737261	7.020215337	7.096840338	7.169137186	7.237551003	7.302462426	7.364199423	7.423046728	7.479252372	7.533034638	7.58458604	7.634077326	7.681660623
8	3.261182333	4.041036472	4.528809638	4.88575425	5.167152341	5.399120798	5.596180296	5.767266109	5.918276523	6.053311648	6.175337602	6.286569373	6.388704491	6.483072318	6.570733111	6.652545874	6.7292161	6.80133017	6.869380616	6.933785095	6.994900717	7.05303518	7.108455433	7.161394529	7.212057103	7.260623784	7.307254791	7.352092876
9	3.199173338	3.948492202	4.414890126	4.755404185	5.023514981	5.24437436	5.431921143	5.594712231	5.738385796	5.866856063	5.982951074	6.088781341	6.18596315	6.275761573	6.359185173	6.437050799	6.510029148	6.578677559	6.643464109	6.704785638	6.762981445	6.818343854	6.871126404	6.921550599	6.96981078	7.016078533	7.060506056	7.103228958
10	3.151064177	3.876776749	4.326582116	4.654293076	4.912015755	5.124166095	5.3042381	5.46049874	5.598386462	5.721671873	5.833077093	5.934631583	6.027888851	6.114063802	6.194124896	6.268856145	6.338901102	6.404794421	6.466985043	6.525853521	6.581725188	6.634880307	6.685561989	6.733982461	6.780328052	6.82476323	6.867433818	6.908469895
11	3.112663052	3.81958827	4.256143355	4.573596254	4.822972432	5.028108018	5.202146971	5.35312773	5.486329584	5.605410822	5.713008792	5.811088632	5.901153505	5.984378753	6.061700607	6.133876805	6.201529146	6.265174091	6.325245415	6.382110231	6.436082782	6.487433611	6.536397379	6.583178911	6.627958028	6.67089344	6.712125913	6.751780859
12	3.081306633	3.772928959	4.19866023	4.50770992	4.750231447	4.94959411	5.118658464	5.265277905	5.394605098	5.510204992	5.614646928	5.709843472	5.797257002	5.878030895	5.953074545	6.02312441	6.08878449	6.150556329	6.20886089	6.264054879	6.31644315	6.366288255	6.413817891	6.459230788	6.502701401	6.544383693	6.584414206	6.622914586
13	3.055222622	3.734141985	4.150866293	4.452906124	4.689697096	4.884223876	5.049114542	5.1920698	5.318136633	5.430804112	5.532584807	5.625348178	5.710522671	5.789224564	5.862340941	5.930657953	5.994564195	6.054748903	6.111556302	6.165333506	6.216377858	6.26494522	6.311257464	6.355508209	6.397867412	6.438485049	6.477494121	6.515013107
14	3.033186378	3.701393573	4.11050635	4.406609604	4.638537996	4.828954422	4.990292021	5.130123664	5.253408108	5.363570483	5.463075483	5.553756297	5.637012831	5.713938236	5.785402298	5.852108277	5.914632803	5.973454466	6.028974789	6.081534088	6.131422384	6.178890321	6.224154756	6.267404927	6.308806932	6.348507342	6.386636129	6.423309072
15	3.014324795	3.673377625	4.075973722	4.366984687	4.594734831	4.781613923	4.939889597	5.077026204	5.19790729	5.305903534	5.403439335	5.492316781	5.573911047	5.649296125	5.719326062	5.784691212	5.845957453	5.90359436	5.957995815	6.009495399	6.058378065	6.10488912	6.14924123	6.191619942	6.232188089	6.271089341	6.308451081	6.344386772
16	2.997998748	3.649138885	4.046093037	4.332687834	4.556808883	4.740611289	4.896220465	5.031007472	5.149791157	5.25589542	5.351709716	5.439009163	5.519148334	5.593184202	5.661957226	5.72614676	5.786309028	5.842906012	5.896324974	5.94689383	5.994892652	6.040562514	6.084112384	6.125724564	6.165559024	6.203756893	6.240443295	6.275729667
17	2.98372971	3.627962679	4.019984749	4.302713217	4.523652597	4.704754244	4.858020082	4.990740143	5.107677044	5.212114013	5.306410097	5.392317082	5.471171239	5.544014926	5.611676743	5.674826122	5.734011549	5.789687967	5.842236844	5.891981147	5.939196675	5.984120981	6.026959395	6.067891594	6.107075035	6.144648618	6.180735481	6.215445284
18	2.971152329	3.609303738	3.996977671	4.276292977	4.494420076	4.673131795	4.824321849	4.955209248	5.070507311	5.173463579	5.266410412	5.351079105	5.428789847	5.500572142	5.567244159	5.629466745	5.687781238	5.742636568	5.794409098	5.843417423	5.889933573	5.934191639	5.97639449	6.016719069	6.055320614	6.092336054	6.12788677	6.162080851
19	2.959982871	3.592738858	3.976550775	4.252830822	4.468454166	4.645035931	4.794374254	4.923625397	5.037459112	5.139091388	5.230830978	5.314391041	5.391077528	5.461908558	5.52769305	5.589084242	5.646617127	5.700735301	5.751810593	5.80015771	5.846045334	5.889704644	5.931335963	5.971113996	6.009192004	6.04570516	6.08077328	6.114503051
20	2.949997644	3.577934582	3.958293461	4.231856683	4.445236619	4.619908091	4.767584209	4.895365405	5.007882655	5.108323859	5.198976744	5.281538308	5.35730181	5.427275214	5.49225919	5.552900178	5.609727511	5.663180015	5.713625467	5.761375104	5.806694603	5.849812543	5.890926968	5.930210577	5.967814862	6.003873421	6.038504667	6.07181403
21	2.941017929	3.564624625	3.941877795	4.212995011	4.424353253	4.597301719	4.743477398	4.869930732	4.981257968	5.080621842	5.170291238	5.251948667	5.326876004	5.396072103	5.460330228	5.520290718	5.576477818	5.62932607	5.679199608	5.726406545	5.771209863	5.813835795	5.854480333	5.893314373	5.930487809	5.966132824	6.000366564	6.033293326
22	2.932899224	3.552593786	3.927038711	4.195942173	4.405469089	4.576855539	4.721669967	4.846917802	4.957164011	5.055548659	5.14432365	5.225158436	5.299324625	5.367812854	5.431409703	5.490750004	5.546353408	5.598650586	5.648002381	5.694714082	5.739046235	5.781222945	5.821438354	5.859861724	5.896641502	5.931908589	5.965778984	5.998355958
23	2.925523433	3.541666262	3.913559652	4.180450031	4.388310293	4.558274127	4.70184794	4.825996417	4.935256209	5.032746853	5.120704874	5.20078789	5.274258209	5.342099015	5.405090831	5.46386349	5.518932477	5.570724947	5.619598757	5.66585663	5.709756898	5.75152174	5.791343604	5.829390273	5.86580888	5.900729154	5.934266055	5.966521917
24	2.918793101	3.531697314	3.90126196	4.166313825	4.372650837	4.541313568	4.683752013	4.806893807	4.915249846	5.011920996	5.099129787	5.17852307	5.251354683	5.318601028	5.381037105	5.439288197	5.493865991	5.545194438	5.593628669	5.63946907	5.682971949	5.724357729	5.763817316	5.801517137	5.837603125	5.872203943	5.905433596	5.937393565
25	2.912627354	3.52256574	3.889997217	4.153363096	4.358302506	4.525770697	4.667166148	4.789382658	4.896907602	4.992824786	5.079343957	5.158102124	5.230345385	5.297043936	5.358967733	5.416737892	5.470862624	5.521762951	5.569791506	5.615246535	5.658382495	5.699418196	5.738543135	5.775922492	5.811701102	5.84600665	5.878952267	5.910638649
26	2.90695761	3.514170533	3.87964015	4.141455075	4.345107312	4.511474935	4.651908915	4.773272027	4.880030082	4.975251243	5.061133529	5.139304923	5.211004418	5.27719652	5.338646549	5.395971798	5.449677286	5.500181342	5.547834306	5.592932457	5.635728548	5.676439909	5.715254739	5.752337075	5.787830736	5.821862511	5.854544724	5.885977351
27	2.901726544	3.506426123	3.870085544	4.130468318	4.332931956	4.498282009	4.637826825	4.758400345	4.864448532	4.959025155	5.04431744	5.12194506	5.193140466	5.258862922	5.31987348	5.37678591	5.430102289	5.480238464	5.527542662	5.572309346	5.614789701	5.655199689	5.693726311	5.730532549	5.76576129	5.799538488	5.831975727	5.863172315
28	2.896885161	3.499259698	3.861243662	4.120300125	4.321662175	4.486069385	4.624789445	4.744629974	4.850019167	4.943997211	5.028741366	5.105863628	5.17659041	5.24187613	5.302477894	5.35900622	5.411960463	5.461754176	5.508733631	5.553191613	5.595377855	5.635507052	5.6737651	5.710314002	5.745295781	5.778835621	5.811044417	5.842020861
29	2.892391498	3.49260891	3.85303766	4.11086234	4.311200785	4.474731233	4.612684232	4.731843271	4.836619029	4.930039676	5.014273237	5.09092433	5.161214317	5.226092849	5.286313376	5.342483396	5.395099745	5.444573847	5.491250162	5.535419917	5.577331499	5.617198428	5.655205572	5.691514028	5.726265014	5.759583002	5.791578245	5.822348864
30	2.888209406	3.486420065	3.845401353	4.10207902	4.301463844	4.464177103	4.601414857	4.719937942	4.824141286	4.917041625	5.000798414	5.077009933	5.146891797	5.211389766	5.271253893	5.327088871	5.379389192	5.428564302	5.474956973	5.518856987	5.560511474	5.600132865	5.637905068	5.673988339	5.708523147	5.741633299	5.773428453	5.804006196
31	2.884307577	3.480646671	3.83827743	4.093884394	4.292378639	4.454328406	4.590897646	4.708826108	4.812494051	4.904907569	4.988218131	5.06401787	5.133517553	5.197659058	5.257189273	5.312710275	5.364714373	5.413609168	5.459735863	5.503382885	5.5447962	5.584187219	5.621738957	5.657610882	5.691942767	5.724857796	5.756465075	5.786861689
32	2.88065876	3.47524827	3.831616015	4.086221218	4.283881872	4.445116715	4.581059735	4.698430994	4.801597066	4.893554109	4.976446139	5.051859547	5.12100058	5.184807485	5.244024194	5.299250345	5.350976206	5.399607654	5.445484422	5.48889368	5.530080297	5.569254733	5.606599169	5.642272337	5.676413358	5.709144835	5.740575354	5.770801534
33	2.877239127	3.470189489	3.825373498	4.079039432	4.275918182	4.436482177	4.571837373	4.688685423	4.791380093	4.882908249	4.965406935	5.040457168	5.109260962	5.172753171	5.23167496	5.286623681	5.33808769	5.386471253	5.432112728	5.475298101	5.516271219	5.555241651	5.592390795	5.627876693	5.661837855	5.694396339	5.725660245	5.755725756
34	2.874027747	3.465439268	3.819511585	4.07229507	4.268438939	4.428372205	4.563174547	4.679530357	4.781781398	4.872905823	4.955034139	5.029742324	5.098228425	5.161424111	5.220067952	5.274755156	5.325972288	5.374122099	5.419541656	5.462515836	5.503287527	5.54206546	5.579030299	5.614339437	5.648130811	5.680525969	5.711632552	5.741546332
35	2.871006165	3.460970221	3.813996509	4.065949362	4.261401255	4.420740414	4.555021837	4.670913703	4.7727465	4.863490196	4.945269155	5.019654625	5.087840921	5.150756722	5.209138158	5.263578423	5.314562395	5.362491404	5.407701304	5.450475929	5.491057262	5.529653247	5.566443858	5.60158588	5.635216709	5.66745741	5.698415197	5.728185454
36	2.868158042	3.456758109	3.808798381	4.059967985	4.254767155	4.41354573	4.547335477	4.662789322	4.764227138	4.854611191	4.936060067	5.010140554	5.078043461	5.140694647	5.198827949	5.25303466	5.303798074	5.35151818	5.396529689	5.439115453	5.479516603	5.517940343	5.554565996	5.58954977	5.623028555	5.655122962	5.685939798	5.715574083
37	2.865468861	3.4527814	3.803890651	4.054320448	4.248502898	4.40675165	4.54007657	4.655116199	4.756180407	4.846224198	4.927360705	5.001152518	5.068787134	5.131187758	5.189086057	5.243071537	5.293625996	5.341148157	5.385971653	5.428378408	5.468608753	5.506869189	5.543338425	5.578172129	5.611506708	5.643462347	5.674145468	5.70365075
38	2.862925682	3.449020902	3.799249651	4.048979567	4.242578403	4.400325627	4.533210425	4.647857753	4.748568035	4.838289415	4.919129879	4.992648049	5.060028296	5.122191313	5.179866724	5.233642343	5.283998553	5.331332882	5.375977946	5.418214791	5.458282989	5.49638838	5.532709092	5.56740028	5.600597898	5.632421724	5.662977821	5.692360538
39	2.860516932	3.445459452	3.794854218	4.04392103	4.236966761	4.394238546	4.526706006	4.640981254	4.741355774	4.830771224	4.911330721	4.984589132	5.051727871	5.113665258	5.171128979	5.224705248	5.274873111	5.322028964	5.366504458	5.408579812	5.448493878	5.486451869	5.522631362	5.55718703	5.590254394	5.62195285	5.652388117	5.681654237
40	2.858232228	3.44208166	3.790685369	4.039123032	4.231643835	4.388464282	4.520535466	4.634457326	4.734512884	4.823637651	4.903930132	4.976941637	5.043850777	5.105573623	5.162836027	5.216222685	5.266211376	5.313197424	5.357511566	5.399433233	5.439200597	5.477018278	5.513063331	5.547489967	5.580433301	5.612012365	5.642332553	5.671487614
41	2.85606223	3.438873679	3.786726028	4.034565952	4.226587904	4.382979329	4.51467374	4.628259532	4.728011697	4.816859915	4.896898314	4.969674833	5.036365422	5.097884018	5.15495473	5.208160818	5.257978856	5.30480315	5.34896357	5.390738801	5.430366369	5.468050327	5.503967238	5.538270875	5.571095965	5.602561196	5.632771651	5.661820803
42	2.853998514	3.435823021	3.782960791	4.030232094	4.221779377	4.377762478	4.509098214	4.622364014	4.72182724	4.810412034	4.89020837	4.962760977	5.029243283	5.090567193	5.147455165	5.20048909	5.250144398	5.296814429	5.340828228	5.382463771	5.421957967	5.459514336	5.495308968	5.529495222	5.562207457	5.593564031	5.623669734	5.652617775
43	2.852033459	3.432918392	3.779375731	4.026105451	4.217200529	4.372794543	4.503788428	4.616749183	4.715936915	4.8042705	4.883835953	4.956174959	5.02245854	5.083596672	5.140310241	5.193179835	5.242679796	5.289202545	5.33307634	5.374578484	5.413945301	5.451379799	5.487057622	5.521131731	5.553736137	5.584988883	5.614994481	5.643845888
44	2.850160157	3.430149555	3.775958218	4.022171512	4.212835291	4.368058126	4.498725827	4.611395461	4.710320227	4.798413982	4.877758978	4.949893995	5.015987766	5.07694843	5.133495372	5.186207943	5.235559448	5.28194143	5.325681401	5.367056019	5.406301052	5.44361902	5.479185141	5.513152001	5.545653273	5.576806705	5.606716541	5.635475499
45	2.848372329	3.427507206	3.772696779	4.01841709	4.208669058	4.363537413	4.493893544	4.606285049	4.704958539	4.79282309	4.871957362	4.943897366	5.009809654	5.070600613	5.126988197	5.179550575	5.228760064	5.275007371	5.318619295	5.359871879	5.39900036	5.436206795	5.471665994	5.505530183	5.537932717	5.568991059	5.598809198	5.627479624
46	2.846664256	3.424982873	3.769580961	4.014830172	4.204688528	4.359217999	4.489276213	4.601401729	4.699834871	4.78748015	4.8664128	4.938166188	5.003904784	5.0645333	5.120768327	5.173186906	5.222260408	5.268378744	5.31186803	5.353003725	5.392020557	5.42912014	5.464476894	5.498242703	5.530550617	5.561517827	5.59124808	5.619833646
47	2.845030719	3.422568825	3.766601228	4.011399795	4.200881555	4.355086733	4.484859804	4.596730692	4.694933716	4.782369024	4.861108576	4.932683214	4.998255415	5.058728295	5.11481714	5.167097913	5.216041081	5.262035794	5.305407516	5.346431146	5.385340926	5.422338048	5.457596559	5.491268015	5.523485174	5.554364968	5.584010911	5.612515065
48	2.843466943	3.420257988	3.763748856	4.008115933	4.197237034	4.351131584	4.480631482	4.592258392	4.690240887	4.777474945	4.856029393	4.927432658	4.992845312	5.053168943	5.109117589	5.161266179	5.210084321	5.255960432	5.299219354	5.34013545	5.378942498	5.415841283	5.451005499	5.484586385	5.516716421	5.547512292	5.577077287	5.605503269
49	2.841968555	3.418043885	3.761015852	4.004969396	4.193744784	4.347341527	4.476579483	4.587972409	4.685743378	4.772784375	4.851161226	4.922400047	4.987659587	5.04783997	5.103654037	5.155675734	5.204373837	5.250136067	5.293286669	5.334099492	5.37280787	5.4096122	5.444685832	5.478179708	5.51022604	5.540941273	5.570428484	5.598779345
50	2.840531537	3.415920567	3.758394877	4.001951747	4.190395459	4.343706438	4.472693004	4.583861339	4.681429243	4.768284876	4.84649119	4.917572084	4.982684562	5.042727341	5.098412122	5.150311899	5.198894659	5.244547452	5.287593951	5.328307514	5.366921047	5.403634575	5.438621123	5.472031342	5.503997189	5.53463488	5.56404729	5.592325903
51	2.839152196	3.413882562	3.755879183	3.999055229	4.187180461	4.340217003	4.468962107	4.579914687	4.677287491	4.763965006	4.842007429	4.912936534	4.977907648	5.037818142	5.093378619	5.145161165	5.193633007	5.239180551	5.282126923	5.322745008	5.361267303	5.397893475	5.432796237	5.466125962	5.49801436	5.528577431	5.55791785	5.586126928
52	2.837827127	3.411924831	3.753462552	3.996272691	4.18409187	4.336864641	4.465377633	4.576122785	4.673307992	4.759814218	4.837699016	4.908482117	4.97331724	5.033100465	5.088541339	5.140211076	5.188576174	5.234022422	5.276872418	5.317398595	5.355833056	5.392375126	5.427197215	5.460449431	5.49226325	5.522754458	5.552025544	5.580167648
53	2.836553189	3.410042725	3.751139246	3.993597537	4.181122375	4.333641431	4.461931128	4.572476705	4.669481395	4.755822776	4.83355586	4.904198419	4.968902624	5.028563314	5.083889023	5.135450129	5.183712426	5.22906111	5.271818275	5.312255916	5.35060576	5.387066802	5.421811161	5.454988692	5.486730641	5.517152595	5.546356859	5.574434412
54	2.83532748	3.408231943	3.748903963	3.991023668	4.178265219	4.330540051	4.458614778	4.568968194	4.665799053	4.751981676	4.829568632	4.900075808	4.964653889	5.02419652	5.07941126	5.130867682	5.179030906	5.224285558	5.266953243	5.307305539	5.345573808	5.38195673	5.416626145	5.449731661	5.481404306	5.511759473	5.540899293	5.568914587
55	2.834147312	3.406488509	3.746751793	3.988545441	4.175514145	4.327553723	4.455421347	4.565589612	4.66225296	4.748282581	4.825728691	4.896105364	4.960561856	5.019990662	5.075098405	5.12645388	5.174521559	5.21968552	5.262266899	5.30253687	5.340726447	5.377034003	5.41163111	5.444667141	5.476272913	5.50656363	5.535641258	5.563596465
56	2.833010194	3.404808733	3.744678188	3.986157623	4.172863354	4.324676162	4.452344125	4.562333873	4.658835691	4.744717757	4.822028023	4.892278815	4.956618012	5.015937004	5.070941509	5.122199577	5.170175056	5.215251492	5.257749572	5.297940081	5.336053697	5.372288497	5.406815798	5.439784741	5.471325944	5.50155443	5.530572001	5.558469182
57	2.831913811	3.403189193	3.742678921	3.983855354	4.170307462	4.321901532	4.449376884	4.559194395	4.655540352	4.741280025	4.818459185	4.888588477	4.95281445	5.012027429	5.066932262	5.118096281	5.165982728	5.210974643	5.253392277	5.29350604	5.331546285	5.367710808	5.402170674	5.435074806	5.466553627	5.496721985	5.525681528	5.553522638
58	2.830856014	3.401626706	3.740750068	3.98163412	4.167841462	4.319224407	4.44651383	4.556165061	4.65236053	4.737962707	4.815015257	4.885027202	4.949143814	5.008254388	5.063062934	5.114136088	5.161936515	5.20684676	5.249186655	5.289226251	5.327195586	5.363292183	5.397686869	5.430528352	5.461946868	5.492057098	5.520960538	5.548747437
59	2.829834802	3.400118309	3.738887971	3.979489715	4.165460694	4.316639738	4.443749572	4.553240176	4.649290257	4.734759584	4.811689791	4.881588336	4.945599254	5.00461085	5.059326323	5.11031164	5.158028905	5.202860189	5.24512492	5.285092799	5.322993564	5.359024472	5.393356118	5.426137008	5.457497195	5.487551197	5.516400366	5.54413482
60	2.828848309	3.398661241	3.737089227	3.977418223	4.163160816	4.314142816	4.441079082	4.550414427	4.646323968	4.73166486	4.808476781	4.878265674	4.942174385	5.001090259	5.055715716	5.106616074	5.154252895	5.199007795	5.24119981	5.281098303	5.318932721	5.354900068	5.389170713	5.421892966	5.453196702	5.483196286	5.511992927	5.539676619
61	2.827894794	3.397252928	3.735350654	3.975415987	4.160937773	4.311729248	4.438497669	4.54768286	4.643456467	4.728673123	4.805370614	4.875053424	4.938863244	4.997686496	5.052224843	5.10304298	5.150601947	5.195282914	5.237404542	5.277235869	5.315006059	5.350911869	5.385123455	5.417788932	5.449038009	5.478984896	5.507730671	5.535365202
62	2.82697263	3.395890962	3.733669286	3.973479591	4.158787779	4.309394928	4.436000949	4.545040843	4.6406829	4.725779317	4.80236605	4.87194617	4.935660257	4.994393837	5.048847844	5.099586369	5.147069945	5.191679317	5.233732777	5.273499052	5.311207032	5.347053236	5.381207611	5.413818088	5.445014211	5.474910045	5.503606536	5.531193434
63	2.826080298	3.394573093	3.732042343	3.971605841	4.156707292	4.307136018	4.433584823	4.542484044	4.637998726	4.72297871	4.799458182	4.868938849	4.932560211	4.991206931	5.045579237	5.096240636	5.143651171	5.188191173	5.230178582	5.269881821	5.307529515	5.343317954	5.377416882	5.409974052	5.441118848	5.470965195	5.499613911	5.527154635
64	2.825216371	3.393297213	3.730467226	3.969791745	4.154692995	4.30494892	4.431245449	4.540008405	4.635399692	4.720266872	4.796642417	4.866026714	4.92955822	4.988120763	5.042413885	5.093000528	5.140340263	5.18481302	5.226736398	5.266378523	5.303967768	5.339700199	5.373745363	5.406250841	5.437345864	5.46714422	5.495746603	5.523242543
65	2.824379516	3.392061348	3.728941498	3.968034499	4.152741779	4.302830265	4.428979228	4.537610122	4.63288181	4.717639647	4.793914447	4.863205316	4.926649705	4.985130629	5.039346969	5.08986112	5.137132195	5.181539735	5.223401009	5.262983858	5.300516408	5.336194507	5.370187515	5.402642845	5.43368958	5.463441372	5.4919988	5.519451284
66	2.823568479	3.390863644	3.727462871	3.966331473	4.150850727	4.300776889	4.426782781	4.535285625	4.630441338	4.715093137	4.791270229	4.860470481	4.923830367	4.982232115	5.036373968	5.08681779	5.134022248	5.17836651	5.220167521	5.25969285	5.297170379	5.332795751	5.36673814	5.399144797	5.43014466	5.459851255	5.488365044	5.515775344
67	2.822782085	3.38970236	3.726029198	3.964680196	4.149017099	4.298785821	4.424652936	4.533031561	4.628074761	4.712623678	4.788705963	4.857818283	4.921096164	4.979421074	5.033490633	5.083866192	5.131005987	5.175288823	5.217031334	5.256500819	5.293924931	5.329499108	5.363392348	5.395751743	5.426706092	5.456368796	5.484840206	5.512209538
68	2.822019226	3.388575862	3.72463846	3.963078343	4.147238318	4.296854268	4.422586708	4.530844777	4.625778771	4.710227824	4.786218077	4.855245033	4.918443299	4.976693604	5.030692967	5.08100224	5.128079242	5.172302423	5.213988119	5.253403367	5.290775595	5.326300045	5.360145541	5.392459025	5.423369158	5.452989222	5.481419458	5.508748986
69	2.821278862	3.387482608	3.723288757	3.96152373	4.14551196	4.294979601	4.420581289	4.528722304	4.623550257	4.707902334	4.78380321	4.852747257	4.915868194	4.974046033	5.027977208	5.078222086	5.125238084	5.169403309	5.211033802	5.250396349	5.287718162	5.32319429	5.35699339	5.389262255	5.420129417	5.449708038	5.478098255	5.505389094
70	2.820560012	3.386421148	3.721978299	3.960014297	4.143835741	4.293159344	4.418634034	4.526661347	4.621386289	4.705644152	4.781458191	4.850321684	4.91336748	4.9714749	5.025339809	5.075522106	5.122478813	5.166587706	5.208164542	5.247475863	5.284748667	5.320177819	5.353931814	5.3861573	5.416982682	5.446521008	5.474872313	5.502125531
71	2.819861753	3.385390117	3.720705399	3.958548102	4.142207509	4.291391161	4.416742448	4.524659269	4.619284101	4.703450398	4.779180035	4.847965225	4.910937979	4.968976942	5.022777428	5.07289888	5.119797939	5.163852058	5.205376719	5.244638225	5.281863369	5.317246836	5.350956963	5.383140258	5.413925003	5.443424135	5.47173759	5.498954213
72	2.819183211	3.384388223	3.719468466	3.957123315	4.140625232	4.28967285	4.414904179	4.522713584	4.617241086	4.701318353	4.776965922	4.84567497	4.908576692	4.966549078	5.020286908	5.07034918	5.117192167	5.161193007	5.202666912	5.241879958	5.279058735	5.314397756	5.348065202	5.380207447	5.410952651	5.440413646	5.468690269	5.49587128
73	2.818523564	3.38341425	3.718265996	3.955738206	4.139086991	4.28800233	4.413117002	4.520821941	4.615254779	4.69924545	4.774813188	4.843448166	4.906280785	4.964188399	5.017865267	5.067869959	5.114658385	5.158607378	5.200031892	5.239197777	5.27633143	5.311627192	5.345253097	5.377355387	5.408062104	5.437485974	5.465726745	5.492873088
74	2.817882034	3.382467045	3.717096569	3.95439114	4.137590974	4.286377634	4.411378818	4.51898212	4.613322852	4.697229262	4.772719317	4.841282212	4.90404758	4.961892154	5.015509688	5.065458332	5.112193648	5.156092172	5.197468604	5.236588576	5.273678297	5.308931943	5.342517402	5.374580787	5.405250028	5.434637749	5.462843605	5.489956189
75	2.817257883	3.381545522	3.715958841	3.953080571	4.136135465	4.284796904	4.409687639	4.517192021	4.611443102	4.695267491	4.770681925	4.839174648	4.901874543	4.95965774	5.013217502	5.063111573	5.109795173	5.15364455	5.194974158	5.234049417	5.271096352	5.306308978	5.339855042	5.371880533	5.40251327	5.431865778	5.460037623	5.487117319
76	2.816650416	3.380648648	3.714851542	3.951805036	4.134718843	4.283258378	4.408041584	4.515449654	4.609613443	4.693357966	4.768698759	4.837123144	4.899759274	4.957482693	5.010986185	5.060827099	5.107460323	5.151261824	5.192545817	5.231577516	5.268582766	5.303755427	5.337263108	5.369251676	5.399848843	5.429167038	5.457305742	5.484353388
77	2.816058972	3.379775449	3.713773466	3.950563149	4.133339568	4.281760388	4.406438871	4.513753135	4.607831899	4.691498625	4.766767682	4.835125493	4.8976995	4.955364677	5.008813344	5.058602462	5.105186598	5.148941446	5.190180987	5.229170235	5.26613486	5.30126857	5.33473884	5.366691421	5.397253917	5.426538666	5.454645063	5.481661467
78	2.815482925	3.378924999	3.712723472	3.949353596	4.131996183	4.280301354	4.40487781	4.512100679	4.606096598	4.689687516	4.764886669	4.833179601	4.895693065	4.953301479	5.006696709	5.056435342	5.10297163	5.146681	5.187877208	5.226825072	5.263750091	5.298845827	5.332279623	5.364197115	5.394725806	5.423977942	5.452052837	5.479038777
79	2.814921683	3.378096421	3.711700477	3.94817513	4.130687306	4.278879775	4.403356799	4.510490591	4.604405761	4.687922787	4.763053797	4.831283482	4.893737923	4.951290997	5.004634127	5.054323536	5.100813169	5.144478195	5.185632147	5.224539653	5.261426049	5.29648475	5.329882973	5.361766243	5.392261963	5.421482289	5.449526457	5.47648268
80	2.814374681	3.377288881	3.710703452	3.947026568	4.129411623	4.277494227	4.401874316	4.508921262	4.602757702	4.686202678	4.761267241	4.829435252	4.891832133	4.949331237	5.002623555	5.052264954	5.09870908	5.142330851	5.183443586	5.222311724	5.259160442	5.294183013	5.327546533	5.359396415	5.389859966	5.419049257	5.447063443	5.473990671
81	2.813841384	3.376501589	3.709731422	3.945906787	4.128167888	4.276143357	4.400428914	4.507391164	4.601150817	4.684525518	4.759525268	4.827633117	4.88997385	4.947420302	5.000663048	5.050257606	5.096657334	5.140236902	5.181309418	5.220139142	5.256951093	5.291938408	5.325268061	5.35708536	5.387517516	5.416676516	5.444661442	5.471560369
82	2.813321285	3.375733792	3.708783458	3.944814717	4.126954916	4.274825881	4.399019221	4.505898844	4.599583583	4.682889719	4.75782623	4.825875376	4.888161317	4.94555639	4.998750759	5.048299606	5.094656002	5.138194379	5.17922764	5.21801987	5.254795933	5.289748832	5.323045426	5.354830916	5.385232425	5.414361854	5.442318212	5.469189509
83	2.812813898	3.374984776	3.707858677	3.943749343	4.125771579	4.273540574	4.397643929	4.504442919	4.598054549	4.681293768	4.756168558	4.824160406	4.886392867	4.943737787	4.996884932	5.046389154	5.092703247	5.136201411	5.177196347	5.215951968	5.252692991	5.287612287	5.320876599	5.35263103	5.38300261	5.412103162	5.440031623	5.466875936
84	2.812318764	3.374253859	3.706956239	3.942709698	4.124616805	4.272286273	4.396301794	4.503022075	4.596562335	4.679736228	4.75455076	4.822486667	4.88466691	4.94196286	4.995063893	5.044524539	5.090797323	5.134256215	5.175213723	5.213933592	5.250640392	5.285526867	5.31875965	5.350483744	5.380826091	5.409898435	5.437799644	5.464617599
85	2.811835443	3.373540394	3.706075344	3.941694861	4.123489571	4.27106187	4.394991631	4.501635059	4.595105629	4.678215729	4.752971414	4.820852689	4.882981934	4.940230055	4.993286049	5.042704131	5.088936564	5.132357095	5.173278041	5.211962983	5.248636349	5.283490761	5.31669274	5.348387193	5.378700977	5.407745762	5.435620343	5.462412542
86	2.811363519	3.372843762	3.70521523	3.940703954	4.122388904	4.269866307	4.393712311	4.500280676	4.593683176	4.676730963	4.751429166	4.81925707	4.881336494	4.938537889	4.99154988	5.040926377	5.087119384	5.130502431	5.171387652	5.210038465	5.24667916	5.281502238	5.314674113	5.3463396	5.37662547	5.405643319	5.433491875	5.460258901
87	2.810902593	3.372163375	3.70437517	3.939736141	4.121313876	4.268698578	4.392462759	4.498957789	4.592293783	4.675280688	4.749922723	4.817698478	4.879729217	4.936884949	4.989853938	5.039189793	5.085344269	5.128690682	5.169540984	5.208158439	5.2447672	5.279559649	5.312702099	5.344339269	5.374597852	5.403589368	5.431412483	5.458154899
88	2.810452284	3.371498672	3.703554471	3.938790624	4.120263601	4.267557722	4.391241946	4.497665312	4.590936311	4.673863713	4.748450853	4.816175636	4.878158789	4.935269887	4.988196842	5.037492967	5.083609775	5.126920374	5.167736538	5.206321379	5.242898918	5.277661422	5.3107751	5.342384583	5.372616484	5.401582251	5.429380488	5.456098837
89	2.81001223	3.370849116	3.702752471	3.937866641	4.119237234	4.266442822	4.390048892	4.496402207	4.589609672	4.672478906	4.747012379	4.814687329	4.876623958	4.933691416	4.98657727	5.035834549	5.081914524	5.125190102	5.165972883	5.20452583	5.241072836	5.275806053	5.308891592	5.340473997	5.370679801	5.399620384	5.427394287	5.454089096
90	2.809582085	3.370214195	3.701968538	3.936963466	4.118233968	4.265353001	4.388882662	4.495167485	4.588312827	4.671125183	4.745606177	4.813232396	4.875123526	4.932148306	4.984993963	5.034213248	5.080257198	5.123498521	5.16424865	5.2027704	5.239287538	5.273992107	5.30705012	5.338606034	5.368786308	5.397702253	5.425452349	5.452124128
91	2.809161517	3.36959342	3.701202068	3.936080402	4.117253031	4.264287424	4.387742361	4.4939602	4.587044784	4.669801509	4.744231173	4.811809726	4.873656351	4.930639381	4.983445717	5.032627833	5.078636539	5.12184435	5.162562532	5.201053759	5.237541674	5.272218212	5.30524929	5.336779284	5.366934576	5.395826412	5.423553211	5.450202453
92	2.808750211	3.368986323	3.700452485	3.935216785	4.116293687	4.263245291	4.386627133	4.492779447	4.585804594	4.668506895	4.742886341	4.810418258	4.872221338	4.929163519	4.981931378	5.031077125	5.077051343	5.12022636	5.160913279	5.199374636	5.235833951	5.270483055	5.303487773	5.334992397	5.365123238	5.393991476	5.421695473	5.448322655
93	2.808347864	3.368392458	3.699719237	3.934371981	4.11535523	4.262225835	4.385536162	4.491624361	4.584591349	4.667240394	4.741570697	4.809056976	4.870817441	4.927719644	4.980449846	5.029559996	5.075500459	5.118643377	5.159299695	5.197731812	5.234163133	5.268785382	5.301764295	5.333244083	5.363350987	5.392196123	5.419877795	5.446483036
94	2.807954185	3.367811397	3.699001795	3.933545381	4.114436986	4.261228325	4.384468663	4.490494115	4.583404181	4.6660011	4.740283303	4.807724909	4.869443659	4.926306728	4.979000066	5.028075368	5.073982785	5.117094277	5.157720635	5.196124125	5.232528035	5.26712399	5.300077636	5.331533106	5.361616571	5.390439085	5.418098896	5.444682972
95	2.807568899	3.36724273	3.698299653	3.932736403	4.113538308	4.260252059	4.383423887	4.489387914	4.582242257	4.664788146	4.739023257	4.806421126	4.868099034	4.924923784	4.977581028	5.026622207	5.072497265	5.115577983	5.156175002	5.194550458	5.230927525	5.265497729	5.298426629	5.329858283	5.359918791	5.388719148	5.416357209	5.442920893
96	2.807191739	3.366686064	3.697612328	3.931944489	4.112658578	4.259296366	4.382401117	4.488305002	4.58110478	4.663600701	4.737789697	4.805144736	4.866782646	4.923569871	4.976191763	5.025199523	5.071042887	5.114093465	5.154661747	5.193009743	5.229360516	5.263905495	5.296810156	5.328218478	5.358256498	5.387035149	5.41465222	5.441195607
97	2.806822451	3.366141023	3.696939355	3.931169105	4.111797202	4.258360603	4.381399664	4.487244648	4.579990989	4.662437968	4.736581798	4.803894884	4.865493616	4.922244082	4.974831346	5.023806368	5.069618683	5.112639733	5.153179863	5.191500956	5.227825968	5.262346233	5.295227143	5.326612606	5.356628591	5.385385974	5.412982476	5.439505976
98	2.806460791	3.365607248	3.69628029	3.930409739	4.110953612	4.257444153	4.380418869	4.486206157	4.578900149	4.661299185	4.735398766	4.802670751	4.864231099	4.92094555	4.973498886	5.02244183	5.068223724	5.11121584	5.151728383	5.190023114	5.226322881	5.260818928	5.293676563	5.325039623	5.355034013	5.383770208	5.411346896	5.437850903
99	2.806106525	3.365084392	3.695634705	3.929665899	4.110127263	4.256546424	4.379458099	4.485188858	4.577831559	4.660183618	4.734239841	4.801471552	4.862994286	4.919673444	4.97219353	5.021105038	5.066857117	5.109820876	5.150306381	5.188575274	5.224850299	5.259322607	5.292157429	5.32349853	5.353471752	5.382187502	5.409744442	5.436229341
100	2.805759429	3.364572124	3.695002192	3.928937115	4.109317633	4.255666847	4.378516748	4.48419211	4.576784545	4.659090565	4.733104294	4.800296533	4.8617824	4.918426965	4.97091446	5.019795154	5.065518007	5.108453969	5.14891297	5.187156533	5.223407301	5.257856338	5.290668794	5.321988366	5.351940835	5.380636539	5.408174117	5.434640281
101	2.805419289	3.364070128	3.694382359	3.928222937	4.108524221	4.254804882	4.377594236	4.4832153	4.575758466	4.658019356	4.73199143	4.799144974	4.8605947	4.917205353	4.969660896	5.01851138	5.064205579	5.107114287	5.147547301	5.185766029	5.221993014	5.256419231	5.289209756	5.320508217	5.350439991	5.379116383	5.406634973	5.433082764
102	2.805085896	3.363578094	3.693774827	3.927522926	4.10774654	4.25396	4.376689997	4.482257829	4.574752691	4.656969335	4.730900568	4.798016171	4.859430461	4.91600786	4.968432072	5.017252932	5.062919032	5.105801014	5.146208543	5.184402915	5.220606575	5.255010413	5.287779429	5.319057185	5.348968987	5.377626109	5.405126076	5.431555846
103	2.804759051	3.363095731	3.693179233	3.926836665	4.106984129	4.253131699	4.375803496	4.481319132	4.573766627	4.655939882	4.729831065	4.796909461	4.858288997	4.914833784	4.967227268	5.016019073	5.061657613	5.104513381	5.144895913	5.183066395	5.219247175	5.253629061	5.286376978	5.317634423	5.347526633	5.376164853	5.403646549	5.43005864
104	2.804438565	3.362622756	3.692595229	3.926163755	4.106236543	4.252319497	4.374934217	4.480398661	4.5727997	4.6549304	4.728782299	4.7958242	4.857169647	4.913682443	4.966045786	5.014809088	5.060420593	5.103250645	5.143608654	5.181755698	5.217914032	5.25227438	5.285001596	5.316238774	5.3461121	5.374731773	5.402195542	5.428590287
105	2.804124252	3.362158897	3.69202248	3.925503808	4.105503354	4.251522928	4.374081662	4.479495891	4.571851359	4.653940312	4.727753674	4.794759771	4.856071775	4.912553185	4.964886954	5.013622292	5.059207271	5.10201209	5.142346037	5.180470083	5.216606391	5.250945605	5.283652508	5.314870119	5.344724591	5.373326063	5.40077224	5.42714996
106	2.803815936	3.361703894	3.691460663	3.924856454	4.104784149	4.250741546	4.373245353	4.478610316	4.570921073	4.652969065	4.726744614	4.793715581	4.854994767	4.91144538	4.963750128	5.012458024	5.058016971	5.100797028	5.141107361	5.179208836	5.215323527	5.249641999	5.282328965	5.313527372	5.343363339	5.371946946	5.399375855	5.425736865
107	2.803513448	3.361257494	3.69090947	3.924221336	4.104078532	4.249974919	4.37242483	4.477741449	4.57000833	4.652016127	4.725754567	4.792691056	4.853938036	4.910358421	4.962634688	5.011315649	5.056849045	5.099604797	5.139891951	5.177971272	5.214064744	5.248362855	5.28103025	5.312209804	5.342027605	5.370593674	5.398005631	5.424350237
108	2.803216623	3.360819458	3.690368601	3.92359811	4.103386122	4.249222635	4.37161965	4.476888823	4.56911264	4.651080983	4.724783	4.791685647	4.852901012	4.909291727	4.961540034	5.010194555	5.055702869	5.098434759	5.138699158	5.176756728	5.212829369	5.247107489	5.279755327	5.310916714	5.340716678	5.369265528	5.39666084	5.422989338
109	2.802925304	3.36038955	3.689837768	3.922986446	4.102706551	4.248484295	4.370829388	4.476051985	4.568233528	4.650163141	4.723829401	4.790698824	4.851883152	4.908244736	4.960465592	5.009094152	5.054577839	5.097286301	5.137528356	5.17556457	5.211616755	5.245875246	5.278504205	5.309647425	5.339429874	5.367961814	5.39534078	5.42165346
110	2.80263934	3.359967549	3.689316696	3.922386024	4.102039466	4.247759514	4.370053632	4.475230501	4.56737054	4.649262125	4.722893276	4.789730076	4.850883927	4.907216907	4.959410806	5.008013874	5.053473376	5.096158831	5.136378944	5.174394184	5.210426279	5.244665492	5.27727591	5.308401287	5.338166533	5.366681864	5.394044776	5.420341917
111	2.802358583	3.359553236	3.688805117	3.921796537	4.101384526	4.247047922	4.369291986	4.474423953	4.566523235	4.648377477	4.721974149	4.788778911	4.849902831	4.906207718	4.958375143	5.006953172	5.052388921	5.095051778	5.135250339	5.173244977	5.20925734	5.243477617	5.276069821	5.307177671	5.336926018	5.365425034	5.392772174	5.419054053
112	2.802082893	3.359146405	3.688302774	3.92121769	4.100741401	4.246349162	4.36854407	4.473631937	4.565691189	4.647508753	4.72107156	4.787844855	4.848939375	4.905216667	4.957358086	5.005911521	5.051323936	5.093964594	5.134141982	5.172116382	5.208109359	5.242310693	5.274885343	5.305975973	5.335707718	5.364190703	5.391522348	5.41778923
113	2.801812134	3.358746854	3.68780942	3.920649197	4.100109776	4.245662891	4.367809514	4.472854064	4.564873994	4.646655529	4.720185069	4.78692745	4.847993088	4.90424327	4.95635914	5.00488841	5.0502779	5.092896748	5.133053334	5.171007848	5.206981777	5.241164823	5.273721899	5.304795609	5.334511039	5.362978273	5.390294691	5.416546835
114	2.801546175	3.358354389	3.687324815	3.920090782	4.099489344	4.244988777	4.367087965	4.472089958	4.564071257	4.645817393	4.719314247	4.786026254	4.847063514	4.903287058	4.955377823	5.00388335	5.049250313	5.091847728	5.131983872	5.169918845	5.205874055	5.240039128	5.272578934	5.303636016	5.333335412	5.361787166	5.389088618	5.415326279
115	2.801284889	3.357968825	3.686848728	3.919542181	4.09887981	4.244326499	4.36637908	4.471339257	4.563282596	4.644993948	4.718458683	4.785140843	4.846150215	4.902347582	4.954413675	5.002895867	5.04824069	5.090817041	5.130933094	5.168848861	5.204785674	5.238933081	5.271455912	5.30249665	5.332180286	5.360616823	5.387903565	5.414126989
116	2.801028155	3.357589979	3.686380938	3.919003136	4.098280891	4.243675748	4.365682528	4.470601612	4.562507645	4.644184811	4.71761798	4.784270804	4.845252767	4.901424404	4.953466247	5.001925503	5.047248565	5.089804211	5.129900515	5.167797403	5.203716131	5.237846172	5.270352315	5.301376986	5.331045129	5.359466707	5.386738987	5.412948414
117	2.800775854	3.357217679	3.685921228	3.9184734	4.09769231	4.243036227	4.36499799	4.469876684	4.561746049	4.643389613	4.716791753	4.783415742	4.84437076	4.900517105	4.95253511	5.000971818	5.046273486	5.088808777	5.128885666	5.166763993	5.202664603	5.236777908	5.269267645	5.300276518	5.329929429	5.358336298	5.385594359	5.411790023
118	2.800527872	3.356851756	3.685469392	3.917952734	4.097113803	4.242407646	4.364325159	4.469164147	4.560997466	4.642607997	4.715979633	4.782575272	4.843503801	4.899625279	4.951619846	5.000034385	5.045315018	5.087830295	5.127888094	5.165748171	5.201631289	5.235727813	5.268201418	5.299194757	5.328832688	5.357225093	5.384469171	5.410651302
119	2.8002841	3.356492048	3.685025229	3.917440906	4.096545113	4.241789728	4.363663736	4.468463688	4.560261565	4.641839618	4.71518126	4.781749024	4.842651506	4.898748532	4.950720052	4.999112792	5.044372741	5.086868337	5.126907362	5.164749491	5.200615407	5.234695429	5.267153167	5.298131229	5.327754427	5.356132608	5.383362933	5.409531752
120	2.800044432	3.356138397	3.684588543	3.916937693	4.095985989	4.241182197	4.363013423	4.467774986	4.559538008	4.641084115	4.714396254	4.780936596	4.841813452	4.897886419	4.949835258	4.998206541	5.043446127	5.085922345	5.125942883	5.163767334	5.199616665	5.233680477	5.266122633	5.297085694	5.326694431	5.35505865	5.382275481	5.408430896
121	2.799808763	3.355790652	3.684159151	3.916442882	4.095436198	4.240584806	4.362373964	4.467097776	4.558826523	4.640341219	4.71362435	4.78013773	4.840989392	4.897038706	4.948965251	4.997315446	5.042535021	5.084992199	5.124994573	5.162801659	5.198634355	5.232682199	5.265109005	5.296057284	5.325651766	5.354002221	5.381205745	5.407348267
122	2.799576996	3.355448666	3.683736869	3.915956262	4.094895506	4.239997298	4.361745077	4.466431759	4.558126794	4.639610592	4.712865188	4.779352047	4.840178926	4.896204973	4.948109587	4.996439035	5.041638925	5.08407737	5.124061876	5.161851878	5.197668207	5.231700343	5.264112045	5.295045781	5.324626238	5.352963151	5.380153582	5.406283417
123	2.799349034	3.355112298	3.683321523	3.915477632	4.094363688	4.239419427	4.361126505	4.465776661	4.557438531	4.638891933	4.712118457	4.778579225	4.839381721	4.895384877	4.947267913	4.995576949	5.04075747	5.083177485	5.123144409	5.160917602	5.196717826	5.230734505	5.263131346	5.294050771	5.323617427	5.351941014	5.379118215	5.405235912
124	2.799124785	3.35478141	3.682912942	3.915006796	4.093840527	4.238850961	4.360517994	4.465132214	4.556761454	4.63818495	4.711383854	4.777818948	4.838597453	4.894578085	4.946439889	4.99472884	5.039890302	5.08229218	5.122241803	5.159998453	5.19578283	5.229784297	5.262166513	5.293071854	5.322624929	5.3509354	5.378099909	5.404205331
125	2.798904157	3.354455869	3.682510964	3.914543567	4.093325815	4.238291671	4.359919301	4.464498161	4.556095293	4.637489361	4.710661085	4.777070916	4.837825811	4.893784277	4.945625186	4.99389437	5.039037074	5.081421103	5.121353698	5.159094068	5.194862847	5.228849343	5.261217164	5.292108643	5.32164835	5.349945912	5.377097928	5.403191268
126	2.798687065	3.354135546	3.682115429	3.91408776	4.092819347	4.237741336	4.359330192	4.463874253	4.555439787	4.636804893	4.709949866	4.776334834	4.837066492	4.893003142	4.944823484	4.993073213	5.038197455	5.080563915	5.120479749	5.158204094	5.193957519	5.227929278	5.260282929	5.291160763	5.32068731	5.348971825	5.376111883	5.402193327
127	2.798473424	3.353820318	3.681726183	3.913639199	4.092320928	4.237199743	4.358750436	4.463260248	4.554794681	4.63613128	4.709249924	4.775610418	4.836319204	4.892234378	4.944034476	4.992265053	5.03737112	5.079720285	5.11961962	5.157328189	5.193066499	5.227023749	5.259363451	5.29022785	5.319741442	5.348013435	5.375141395	5.401211129
128	2.798263151	3.353510063	3.681343078	3.913197713	4.091830367	4.236666685	4.358179814	4.462655912	4.554159731	4.635468268	4.708560992	4.774897392	4.835583661	4.891477694	4.943257861	4.991469584	5.036557758	5.078889894	5.118772985	5.156466021	5.19218945	5.226132415	5.258458381	5.289309554	5.318810389	5.347070053	5.3741861	5.400244303
129	2.798056169	3.353204665	3.68096597	3.912763135	4.09134748	4.236141963	4.357618111	4.462061019	4.553534697	4.634815606	4.707882813	4.774195491	4.834859591	4.890732807	4.942493351	4.990686509	5.035757064	5.078072434	5.117939529	5.155617271	5.191326046	5.225254944	5.257567385	5.288405533	5.317893806	5.346141327	5.373245644	5.399292491
130	2.797852401	3.352904011	3.680594719	3.912335304	4.090872087	4.235625383	4.35706512	4.461475349	4.55291935	4.634173056	4.707215136	4.773504457	4.834146726	4.889999444	4.941740664	4.98991554	5.034968746	5.077267605	5.117118947	5.154781627	5.19047597	5.224391016	5.256690137	5.287515456	5.316991018	5.34522692	5.372319683	5.398355346
131	2.797651772	3.352607991	3.680229189	3.911914066	4.090404017	4.235116755	4.35652064	4.460898688	4.552313466	4.633540384	4.706557719	4.772824038	4.833444808	4.88927734	4.940999529	4.9891564	5.034192518	5.076475115	5.116310943	5.153958788	5.189638918	5.223540319	5.25582632	5.286639004	5.31610237	5.344326503	5.371407885	5.397432532
132	2.79745421	3.352316498	3.679869249	3.911499267	4.0899431	4.234615899	4.355984475	4.460330832	4.551716829	4.632917364	4.705910328	4.772153991	4.832753587	4.888566236	4.940269681	4.988408817	5.033428105	5.075694684	5.11551523	5.153148463	5.188814591	5.222702552	5.254975629	5.285775867	5.315227218	5.343439757	5.370509928	5.396523722
133	2.797259646	3.35202943	3.679514772	3.911090763	4.089489175	4.234122636	4.355456437	4.459771579	4.551129228	4.632303776	4.705272735	4.771494083	4.832072821	4.887865884	4.939550864	4.987672531	5.032675238	5.074926039	5.11473153	5.152350367	5.188002702	5.221877422	5.254137767	5.284925742	5.314365257	5.342566373	5.369625499	5.395628601
134	2.797068011	3.351746686	3.679165635	3.91068841	4.089042083	4.233636797	4.354936342	4.459220736	4.55055046	4.631699408	4.70464472	4.770844083	4.831402273	4.887176042	4.938842831	4.986947286	5.031933659	5.074168913	5.113959573	5.151564226	5.187202971	5.221064645	5.253312445	5.284088338	5.31351619	5.341706051	5.368754294	5.39474686
135	2.796879241	3.35146817	3.678821718	3.910292071	4.088601671	4.233158214	4.354424013	4.458678115	4.549980326	4.631104054	4.704026067	4.770203771	4.830741716	4.886496474	4.938145339	4.986232837	5.031203115	5.073423051	5.113199096	5.150789774	5.186415127	5.220263946	5.252499385	5.283263028	5.312679731	5.340858501	5.367896019	5.393878202
136	2.796693271	3.351193788	3.678482904	3.909901612	4.088167792	4.232686727	4.353919276	4.458143532	4.549418636	4.630517513	4.70341657	4.769572932	4.830090928	4.885826954	4.937458157	4.985528944	5.030483362	5.072688203	5.112449845	5.150026751	5.185638908	5.219475058	5.251698314	5.282450215	5.3118556	5.34002344	5.367050388	5.393022339
137	2.796510039	3.350923448	3.678149081	3.909516903	4.087740299	4.232222178	4.353421964	4.45761681	4.548865203	4.629939592	4.702816027	4.768951357	4.829449694	4.885167259	4.936781056	4.984835375	5.029774162	5.071964126	5.111711574	5.149274906	5.184874057	5.218697721	5.25090897	5.281649297	5.311043528	5.339200594	5.366217125	5.39217899
138	2.796329486	3.350657061	3.67782014	3.909137819	4.087319054	4.231764416	4.352931915	4.457097778	4.548319847	4.629370102	4.702224241	4.768338843	4.828817805	4.884517175	4.936113817	4.984151904	5.029075284	5.071250586	5.110984043	5.148533997	5.184120327	5.217931684	5.250131098	5.280860016	5.310243251	5.338389697	5.365395958	5.391347881
139	2.796151553	3.350394542	3.677495974	3.908764235	4.08690392	4.231313292	4.35244897	4.456586268	4.547782391	4.628808859	4.701641023	4.767735194	4.828195058	4.883876493	4.935456226	4.983478312	5.028386507	5.070547354	5.11026702	5.147803784	5.183377477	5.217176701	5.249364448	5.280082119	5.309454514	5.337590491	5.364586627	5.390528749
140	2.795976184	3.350135806	3.677176479	3.908396035	4.086494766	4.230868664	4.351972977	4.456082117	4.547252666	4.628255686	4.701066188	4.767140219	4.827581256	4.883245011	4.934808074	4.982814387	5.02770761	5.069854208	5.109560278	5.14708404	5.182645273	5.216432536	5.248608436	5.279315363	5.30867707	5.336802724	5.363788879	5.389721336
141	2.795803323	3.349880773	3.676861556	3.908033101	4.086091462	4.230430392	4.351503786	4.455585169	4.546730505	4.627710409	4.700499556	4.766553731	4.826976208	4.882622533	4.934169161	4.982159923	5.027038385	5.069170934	5.108863598	5.14637454	5.181923488	5.215698957	5.247863507	5.278559508	5.307910677	5.336026153	5.363002465	5.388925394
142	2.795632918	3.349629364	3.676551107	3.907675323	4.085693886	4.229998341	4.351041252	4.455095269	4.546215748	4.627172862	4.699940953	4.765975551	4.826379728	4.882008867	4.933539289	4.981514717	5.026378625	5.068497321	5.108176766	5.145675067	5.181211901	5.21497574	5.247129097	5.277814325	5.307155102	5.33526054	5.362227146	5.388140678
143	2.795464915	3.349381502	3.676245038	3.90732259	4.085301915	4.22957238	4.350585235	4.454612269	4.545708239	4.62664288	4.69939021	4.765405504	4.825791635	4.881403827	4.932918269	4.980878576	5.025728132	5.067833166	5.107499575	5.14498541	5.180510298	5.214262667	5.246404986	5.277079589	5.306410117	5.334505657	5.36146269	5.387366953
144	2.795299265	3.349137112	3.675943257	3.906974797	4.084915431	4.22915238	4.350135598	4.454136025	4.545207825	4.626120306	4.698847162	4.764843419	4.825211754	4.880807232	4.932305915	4.98025131	5.02508671	5.067178271	5.106831824	5.144305364	5.179818469	5.213559527	5.245690958	5.276355081	5.305675501	5.333761277	5.360708868	5.38660399
145	2.795135919	3.348896122	3.675645673	3.906631841	4.084534321	4.228738217	4.349692208	4.453666395	4.544714359	4.625604985	4.698311648	4.76428913	4.824639913	4.880218907	4.931702047	4.979632734	5.024454172	5.066532444	5.106173317	5.143634729	5.179136212	5.212866112	5.244986804	5.27564059	5.304951039	5.333027184	5.359965462	5.385851566
146	2.794974829	3.348658461	3.6753522	3.906293622	4.084158472	4.228329771	4.349254936	4.453203242	4.544227696	4.625096767	4.697783513	4.763742476	4.824075948	4.879638682	4.93110649	4.979022668	5.023830335	5.065895498	5.105523862	5.142973311	5.17846333	5.21218188	5.244292321	5.27493591	5.304236522	5.332303166	5.359232256	5.385109465
147	2.794815948	3.348424062	3.675062754	3.905960042	4.083787778	4.227926924	4.348823656	4.452746434	4.543747699	4.624595506	4.697262606	4.763203301	4.823519695	4.87906639	4.930519073	4.978420939	5.02321502	5.065267251	5.104883275	5.142320922	5.177799631	5.211507314	5.243607311	5.274240839	5.303531747	5.331589018	5.358509042	5.384377474
148	2.794659232	3.348192857	3.674777252	3.905631006	4.083422132	4.227529561	4.348398245	4.452295841	4.543274229	4.62410106	4.696748779	4.762671453	4.822970998	4.878501869	4.929939631	4.977827376	5.022608054	5.064647526	5.104251375	5.141677378	5.177144928	5.210841889	5.242931581	5.273555183	5.302836515	5.330884537	5.357795617	5.383655388
149	2.794504635	3.347964781	3.674495614	3.905306423	4.083061432	4.227137571	4.347978585	4.451851337	4.542807156	4.623613291	4.696241889	4.762146782	4.822429704	4.877944963	4.929368002	4.977241815	5.022009268	5.064036151	5.103627986	5.1410425	5.176499039	5.210185421	5.242264944	5.272878751	5.302150635	5.33018953	5.357091783	5.382943009
150	2.794352117	3.347739772	3.674217762	3.904986202	4.082705578	4.226750847	4.34756456	4.451412799	4.54234635	4.623132066	4.695741796	4.761629144	4.821895664	4.877395518	4.928804029	4.976664095	5.021418497	5.063432958	5.103012939	5.140416114	5.175861788	5.209537729	5.241607218	5.272211359	5.301473918	5.329503807	5.35639735	5.382240142
151	2.794201635	3.347517768	3.67394362	3.904670256	4.082354474	4.226369282	4.347156057	4.450980109	4.541891685	4.622657252	4.695248364	4.7611184	4.821368734	4.876853385	4.92824756	4.976094059	5.020835583	5.062837784	5.102406066	5.139798052	5.175233002	5.20889864	5.240958225	5.271552826	5.300806183	5.328827182	5.355712128	5.381546597
152	2.794053148	3.347298708	3.673673115	3.9043585	4.082008024	4.225992775	4.346752967	4.450553149	4.541443041	4.622188723	4.694761462	4.760614412	4.820848772	4.87631842	4.927698446	4.975531556	5.020260368	5.06225047	5.101807205	5.139188148	5.174612514	5.208267982	5.240317793	5.270902978	5.300147251	5.328159477	5.355035937	5.38086219
153	2.793906617	3.347082536	3.673406175	3.904050851	4.081666138	4.225621224	4.346355181	4.450131807	4.541000298	4.621726356	4.69428096	4.760117047	4.820335641	4.87579048	4.927156542	4.974976436	5.019692703	5.061670861	5.101216199	5.138586242	5.173999817	5.20764559	5.239685752	5.270261643	5.29949695	5.327500515	5.3543686	5.380186742
154	2.793762004	3.346869194	3.673142729	3.903747229	4.081328724	4.225254534	4.345962598	4.449715973	4.540563341	4.621270028	4.693806733	4.759626175	4.819829207	4.875269429	4.926621707	4.974428555	5.019132438	5.061098807	5.100632895	5.137992177	5.173395433	5.207031303	5.23906194	5.269628655	5.298855112	5.326850127	5.353709942	5.379520078
155	2.793619272	3.346658627	3.672882709	3.903447555	4.080995697	4.224892608	4.345575114	4.449305539	4.540132057	4.620819623	4.693338659	4.759141671	4.819329341	4.874755133	4.926093803	4.973887773	5.01857943	5.060534162	5.100057143	5.137405802	5.17279887	5.206424963	5.238446196	5.269003853	5.298221571	5.326208145	5.353059796	5.378862027
156	2.793478383	3.346450781	3.67262605	3.903151752	4.080666972	4.224535356	4.345192632	4.448900401	4.539706336	4.620375026	4.69287662	4.75866341	4.818835914	4.874247461	4.925572696	4.973353952	5.01803354	5.059976781	5.099488796	5.136826967	5.172209976	5.205826417	5.237838366	5.268387079	5.297596169	5.325574408	5.352417999	5.378212425
157	2.793339303	3.346245604	3.672372686	3.902859747	4.080342464	4.224182687	4.344815054	4.448500457	4.539286071	4.619936125	4.692420498	4.758191273	4.818348804	4.873746286	4.925058257	4.97282696	5.01749463	5.059426526	5.098927714	5.136255529	5.171628606	5.205235515	5.237238297	5.267778179	5.296978749	5.324948759	5.35178439	5.377571108
158	2.793201996	3.346043045	3.672122554	3.902571466	4.080022094	4.223834513	4.344442289	4.448105608	4.538871157	4.619502812	4.691970181	4.757725144	4.81786789	4.873251484	4.924550358	4.972306665	5.016962567	5.058883261	5.098373758	5.135691347	5.171054616	5.204652113	5.236645842	5.267177003	5.29636916	5.324331042	5.351158813	5.376937921
159	2.79306643	3.345843054	3.671875593	3.902286838	4.079705784	4.223490749	4.344074243	4.447715757	4.538461495	4.61907498	4.69152556	4.757264908	4.817393054	4.872762935	4.924048875	4.971792941	5.016437223	5.058346853	5.097826792	5.135134283	5.170487866	5.204076068	5.236060857	5.266583405	5.295767253	5.323721109	5.350541117	5.376312708
160	2.792932571	3.345645582	3.671631742	3.902005795	4.079393455	4.223151312	4.343710828	4.44733081	4.538056983	4.618652526	4.691086525	4.756810454	4.816924182	4.87228052	4.923553687	4.971285665	5.015918469	5.057817174	5.097286686	5.134584203	5.16992822	5.203507242	5.235483201	5.265997243	5.295172885	5.323118814	5.349931154	5.375695321
161	2.792800387	3.345450582	3.671390945	3.901728269	4.079085035	4.22281612	4.343351957	4.446950674	4.537657527	4.61823535	4.690652974	4.756361674	4.816461162	4.871804124	4.923064676	4.970784715	5.015406184	5.057294098	5.096753311	5.134040635	5.169375545	5.2029455	5.234912737	5.265418378	5.294585914	5.322524012	5.349328779	5.375085613
162	2.792669846	3.345258009	3.671153143	3.901454195	4.078780449	4.222485095	4.342997546	4.446575261	4.537263031	4.617823353	4.690224804	4.755918462	4.816003886	4.871333636	4.922581728	4.970289974	5.014900247	5.056777502	5.096226543	5.13350413	5.168829713	5.202390711	5.234349333	5.264846674	5.294006203	5.321936567	5.348733853	5.374483442
163	2.79254092	3.345067816	3.67091828	3.901183508	4.078479627	4.222158159	4.342647511	4.446204482	4.536873404	4.61741644	4.689801915	4.755480715	4.815552247	4.870868947	4.922104731	4.969801327	5.014400541	5.056267266	5.095706258	5.132974227	5.168290596	5.201842746	5.233792858	5.264281999	5.293433619	5.321356341	5.348146236	5.373888669
164	2.792413577	3.34487996	3.670686304	3.900916147	4.078182499	4.221835237	4.342301772	4.445838253	4.536488556	4.617014516	4.68938421	4.755048334	4.815106142	4.87040995	4.921633574	4.969318663	5.013906951	5.055763274	5.095192338	5.132450805	5.167758071	5.20130148	5.233243184	5.263724225	5.29286803	5.320783203	5.347565796	5.373301158
165	2.792287788	3.344694399	3.67045716	3.900652049	4.077888998	4.221516255	4.341960251	4.44547649	4.5361084	4.616617491	4.688971595	4.754621219	4.814665469	4.869956541	4.921168153	4.968841872	5.013419365	5.055265412	5.094684668	5.131933746	5.167232019	5.200766791	5.232700188	5.263173226	5.29230931	5.320217024	5.346992403	5.372720778
166	2.792163527	3.34451109	3.670230798	3.900391157	4.077599058	4.221201142	4.341622871	4.445119112	4.53573285	4.616225275	4.688563977	4.754199275	4.81423013	4.869508618	4.920708362	4.968370847	5.012937675	5.054773568	5.094183133	5.131422935	5.166712321	5.200238561	5.232163749	5.262628879	5.291757334	5.319657677	5.346425927	5.3721474
167	2.792040763	3.344329993	3.670007167	3.900133412	4.077312614	4.220889828	4.341289557	4.444766039	4.535361824	4.615837782	4.688161265	4.753782409	4.813800028	4.869066083	4.920254099	4.967905485	5.012461775	5.054287634	5.093687623	5.130918259	5.166198864	5.199716671	5.231633748	5.262091065	5.29121198	5.31910504	5.345866245	5.371580896
168	2.791919472	3.344151068	3.669786217	3.899878757	4.077029604	4.220582245	4.340960236	4.444417195	4.53499524	4.615454927	4.687763373	4.75337053	4.813375071	4.868628839	4.919805267	4.967445684	5.01199156	5.053807505	5.093198031	5.130419609	5.165691536	5.19920101	5.231110072	5.261559666	5.29067313	5.318558993	5.345313236	5.371021145
169	2.791799626	3.343974276	3.669567902	3.899627137	4.076749966	4.220278325	4.340634836	4.444072504	4.534633019	4.615076627	4.687370212	4.752963549	4.812955165	4.868196791	4.919361768	4.966991346	5.01152693	5.053333076	5.09271425	5.129926876	5.165190228	5.198691467	5.230592606	5.261034568	5.290140669	5.318019418	5.344766781	5.370468027
170	2.7916812	3.343799579	3.669352174	3.899378498	4.07647364	4.219978004	4.340313289	4.443731892	4.534275083	4.614702801	4.686981701	4.752561378	4.812540221	4.867769848	4.918923507	4.966542372	5.011067785	5.052864248	5.092236179	5.129439957	5.164694832	5.198187932	5.230081241	5.26051566	5.289614483	5.317486202	5.344226763	5.369921424
171	2.791564169	3.343626941	3.669138987	3.899132788	4.076200568	4.219681218	4.339995525	4.443395287	4.533921357	4.614333371	4.686597757	4.752163934	4.812130153	4.86734792	4.918490392	4.96609867	5.01061403	5.05240092	5.091763373	5.128958748	5.164205246	5.1976903	5.229575871	5.260002833	5.289094463	5.316959231	5.34369307	5.369381221
172	2.791448508	3.343456324	3.668928296	3.898889955	4.075930692	4.219387906	4.339681479	4.443062619	4.533571767	4.613968259	4.686218299	4.751771133	4.811724874	4.866930919	4.918062334	4.965660145	5.010165568	5.051942998	5.091296416	5.128483151	5.163721368	5.197198469	5.229076389	5.259495981	5.2885805	5.316438398	5.343165592	5.368847308
173	2.791334194	3.343287694	3.668720059	3.898649948	4.075663957	4.219098006	4.339371086	4.44273382	4.53322624	4.61360739	4.68584325	4.751382894	4.811324301	4.866518758	4.917639244	4.96522671	5.00972231	5.051490387	5.090834872	5.128013068	5.163243098	5.196712337	5.228582695	5.258995001	5.288072489	5.315923596	5.34264422	5.368319574
174	2.791221202	3.343121017	3.668514233	3.89841272	4.075400308	4.218811459	4.339064282	4.442408821	4.532884707	4.613250691	4.685472533	4.750999139	4.810928352	4.866111355	4.917221036	4.964798274	5.009284164	5.051042995	5.09037865	5.127548402	5.162770339	5.196231806	5.228094687	5.258499789	5.287570328	5.31541472	5.34212885	5.367797914
175	2.791109511	3.342956257	3.668310775	3.898178221	4.075139692	4.218528208	4.338761005	4.442087558	4.532547099	4.612898089	4.685106073	4.750619789	4.810536949	4.865708627	4.916807626	4.964374753	5.008851042	5.050600732	5.089927657	5.127089062	5.162302997	5.19575678	5.227612269	5.258010249	5.287073916	5.314911669	5.341619377	5.367282223
176	2.790999097	3.342793384	3.668109646	3.897946405	4.074882058	4.218248195	4.338461196	4.441769967	4.532213347	4.612549515	4.684743799	4.750244771	4.810150013	4.865310494	4.916398932	4.963956062	5.008422859	5.050163511	5.089481804	5.126634956	5.161840979	5.195287164	5.227135344	5.257526282	5.286583154	5.314414343	5.341115702	5.366772398
177	2.790889939	3.342632364	3.667910805	3.897717226	4.074627353	4.217971367	4.338164794	4.441455984	4.531883388	4.6122049	4.684385637	4.749874009	4.809767468	4.864916879	4.915994874	4.96354212	5.00799953	5.049731246	5.089041004	5.126185994	5.161384195	5.194822867	5.226663819	5.257047794	5.286097948	5.313922646	5.340617725	5.366268341
178	2.790782016	3.342473165	3.667714214	3.897490639	4.074375529	4.217697668	4.337871743	4.441145549	4.531557155	4.611864176	4.68403152	4.749507433	4.80938924	4.864527704	4.915595373	4.963132845	5.007580974	5.049303854	5.088605171	5.125742091	5.160932556	5.194363798	5.226197604	5.256574692	5.285618202	5.313436481	5.340125352	5.365769955
179	2.790675307	3.342315758	3.667519835	3.897266602	4.074126537	4.217427047	4.337581985	4.440838603	4.531234587	4.611527279	4.683681378	4.74914497	4.809015256	4.864142895	4.915200353	4.962728159	5.007167111	5.048881251	5.088174222	5.125303162	5.160485976	5.193909871	5.225736608	5.256106887	5.285143826	5.312955757	5.339638487	5.365277143
180	2.790569792	3.342160112	3.66732763	3.89704507	4.073880328	4.21715945	4.337295465	4.440535085	4.530915623	4.611194144	4.683335145	4.748786554	4.808645445	4.863762378	4.914809739	4.962327986	5.006757861	5.048463359	5.087748075	5.124869122	5.16004437	5.193460999	5.225280746	5.255644289	5.28467473	5.312480383	5.339157039	5.364789813
181	2.79046545	3.342006198	3.667137564	3.896826002	4.073636858	4.216894829	4.33701213	4.440234941	4.530600201	4.610864708	4.682992755	4.748432115	4.808279737	4.863386084	4.914423457	4.96193225	5.006353148	5.048050099	5.087326651	5.124439891	5.159607655	5.193017097	5.224829931	5.255186813	5.284210826	5.312010269	5.338680918	5.364307875
182	2.790362262	3.341853987	3.6669496	3.896609357	4.073396081	4.216633133	4.336731927	4.439938112	4.530288264	4.610538911	4.682654147	4.748081589	4.807918066	4.86301394	4.914041436	4.961540878	5.005952898	5.047641394	5.08690987	5.124015389	5.159175752	5.192578085	5.22438408	5.254734373	5.283752028	5.311545328	5.338210035	5.363831238
183	2.790260209	3.34170345	3.666763705	3.896395096	4.073157951	4.216374314	4.336454803	4.439644546	4.529979753	4.610216692	4.682319256	4.747734911	4.807560363	4.86264588	4.913663605	4.961153798	5.005557035	5.047236828	5.086497658	5.123595539	5.15874858	5.192143881	5.223943111	5.254286887	5.283298253	5.311085477	5.337744306	5.363359817
184	2.790159273	3.341554561	3.666579843	3.896183179	4.072922426	4.216118326	4.336180709	4.439354188	4.529674614	4.609897992	4.681988022	4.747392017	4.807206565	4.862281837	4.913289897	4.960770941	5.00516549	5.046837006	5.086089939	5.123180264	5.158326063	5.191714408	5.223506946	5.253844273	5.282849418	5.310630631	5.337283646	5.362893525
185	2.790059435	3.341407293	3.666397983	3.895973567	4.072689463	4.215865122	4.335909596	4.439066986	4.52937279	4.609582755	4.681660386	4.747052847	4.806856608	4.861921744	4.912920243	4.960392237	5.004778192	5.04644152	5.085686639	5.122769491	5.157908124	5.191289588	5.223075505	5.253406454	5.282405444	5.31018071	5.336827972	5.36243228
186	2.789960677	3.341261619	3.666218091	3.895766225	4.072459021	4.215614656	4.335641413	4.438782889	4.529074228	4.609270924	4.681336289	4.74671734	4.806510429	4.861565539	4.912554579	4.960017619	5.004395071	5.046050299	5.085287689	5.122363146	5.15749469	5.190869345	5.222648713	5.252973351	5.281966251	5.309735634	5.336377205	5.361976
187	2.789862983	3.341117513	3.666040136	3.895561113	4.072231058	4.215366885	4.335376116	4.438501847	4.528778876	4.608962444	4.681015674	4.746385436	4.806167968	4.861213157	4.91219284	4.959647021	5.004016061	5.045663274	5.084893017	5.121961158	5.157085688	5.190453608	5.222226495	5.252544888	5.281531764	5.309295325	5.335931264	5.361524606
188	2.789766334	3.34097495	3.665864087	3.895358198	4.072005536	4.215121765	4.335113656	4.43822381	4.528486682	4.608657262	4.680698486	4.746057079	4.805829165	4.86086454	4.911834963	4.959280379	5.003641096	5.045280379	5.084502556	5.121563457	5.156681048	5.190042302	5.221808777	5.252120992	5.281101906	5.308859707	5.335490074	5.361078019
189	2.789670714	3.340833906	3.665689912	3.895157444	4.071782414	4.214879255	4.334853989	4.437948731	4.528197595	4.608355325	4.680384669	4.745732212	4.805493961	4.860519625	4.911480887	4.95891763	5.003270112	5.044901548	5.084116237	5.121169976	5.1562807	5.189635358	5.221395488	5.251701589	5.280676604	5.308428705	5.335053558	5.360636163
190	2.789576107	3.340694356	3.665517583	3.894958816	4.071561656	4.214639312	4.334597071	4.437676564	4.527911567	4.608056581	4.680074171	4.745410778	4.805162301	4.860178355	4.911130551	4.958558713	5.002903044	5.044526716	5.083733997	5.120780647	5.155884575	5.189232707	5.220986558	5.251286609	5.280255786	5.308002247	5.334621643	5.360198964
191	2.789482497	3.340556278	3.66534707	3.894762282	4.071343223	4.214401896	4.334342858	4.437407261	4.527628549	4.60776098	4.679766939	4.745092725	4.804834127	4.859840671	4.910783897	4.958203566	5.002539833	5.04415582	5.08335577	5.120395405	5.155492609	5.188834282	5.220581919	5.250875983	5.279839382	5.30758026	5.334194256	5.359766347
192	2.789389869	3.340419646	3.665178345	3.894567807	4.071127079	4.214166967	4.334091307	4.437140778	4.527348493	4.607468473	4.679462921	4.744777999	4.804509385	4.859506519	4.910440867	4.957852131	5.002180417	5.0437888	5.082981493	5.120014186	5.155104734	5.188440015	5.220181503	5.250469641	5.279427322	5.307162675	5.333771327	5.359338241
193	2.789298206	3.34028444	3.66501138	3.89437536	4.070913188	4.213934487	4.333842378	4.43687707	4.527071354	4.607179011	4.679162068	4.744466548	4.804188022	4.859175842	4.910101404	4.95750435	5.001824737	5.043425593	5.082611105	5.119636928	5.154720889	5.188049843	5.219785244	5.250067517	5.279019539	5.306749424	5.333352786	5.358914577
194	2.789207493	3.340150637	3.664846146	3.894184909	4.070701515	4.213704417	4.333596029	4.436616096	4.526797086	4.606892547	4.67886433	4.744158321	4.803869985	4.858848587	4.909765453	4.957160166	5.001472735	5.043066142	5.082244546	5.119263568	5.154341009	5.187663702	5.219393078	5.249669546	5.278615966	5.306340439	5.332938565	5.358495285
195	2.789117717	3.340018215	3.664682619	3.893996424	4.070492027	4.21347672	4.33335222	4.436357812	4.526525645	4.606609035	4.678569659	4.743853269	4.803555223	4.858524701	4.909432959	4.956819524	5.001124354	5.042710388	5.081881756	5.118894047	5.153965035	5.187281529	5.219004942	5.249275664	5.278216539	5.305935655	5.332528597	5.358080298
196	2.789028863	3.339887153	3.66452077	3.893809874	4.070284688	4.21325136	4.333110912	4.436102177	4.526256988	4.60632843	4.678278008	4.743551343	4.803243686	4.858204133	4.90910387	4.956482369	5.000779539	5.042358274	5.081522678	5.118528306	5.153592906	5.186903264	5.218620774	5.248885808	5.277821194	5.305535006	5.332122819	5.35766955
197	2.788940916	3.33975743	3.664360575	3.893625229	4.070079467	4.2130283	4.332872067	4.435849151	4.525991071	4.606050686	4.677989331	4.743252494	4.802935323	4.85788683	4.908778134	4.956148648	5.000438236	5.042009745	5.081167256	5.118166287	5.153224563	5.186528848	5.218240514	5.248499917	5.277429869	5.305138431	5.331721164	5.357262976
198	2.788853863	3.339629025	3.664202008	3.893442461	4.069876331	4.212807507	4.332635648	4.435598693	4.525727853	4.605775761	4.677703583	4.742956677	4.802630087	4.857572745	4.908455699	4.955818309	5.000100052	5.041664747	5.080815433	5.117807934	5.15285995	5.186158221	5.217864102	5.24811793	5.277042503	5.304745868	5.331323572	5.356860514
199	2.788767689	3.339501919	3.664045044	3.89326154	4.069675248	4.212588944	4.332401617	4.435350765	4.525467293	4.605503611	4.677420718	4.742663844	4.802327931	4.857261827	4.908136516	4.955491301	4.999765609	5.041323226	5.080467154	5.117453191	5.152499009	5.185791327	5.21749148	5.247739789	5.276659037	5.304357255	5.330929981	5.356462101
200	2.788682383	3.339376092	3.66388966	3.89308244	4.069476188	4.212372579	4.332169939	4.435105329	4.525209351	4.605234195	4.677140695	4.742373952	4.802028808	4.85695403	4.907820536	4.955167573	4.99943452	5.040985129	5.080122368	5.117102004	5.152141685	5.185428109	5.217122591	5.247365436	5.27627941	5.303972533	5.33054033	5.356067676
