2	3	4	5	6	7	8	9	10	11	12	13	14	15	16	17	18	19	20	21	22	23	24	25	26	27	28	29	30
2	13.90210472	19.01549633	22.56370577	25.37204829	27.75693666	29.85551629	31.72953707	33.4116216	34.92560186	36.29289701	37.53322893	38.66414323	39.70075066	40.65581192	41.54000877	42.36225762	43.13002678	43.84959379	44.52626625	45.16455947	45.76833877	46.34093353	46.88522852	47.40373742	47.89866227	48.3719418	48.82529103	49.26023357
3	8.260293162	10.62040361	12.1695298	13.32234347	14.2386161	14.99812823	15.64644193	16.21194044	16.71344877	17.16406598	17.57326069	17.94809274	18.29396326	18.61509379	18.91484622	19.19594006	19.46060575	19.7106949	19.94776113	20.17312053	20.38789752	20.59306024	20.78944812	20.97779367	21.15873987	21.33285417	21.50063988	21.66254548
4	6.511368596	8.119791806	9.172877896	9.958291699	10.58325969	11.10090911	11.5417014	11.92478898	12.26301466	12.56541168	12.83857314	13.08745532	13.31587515	13.5268321	13.72272398	13.90549616	14.07674739	14.23780654	14.38978934	14.53364105	14.67016908	14.80006814	14.92394005	15.04230938	15.15563591	15.26432482	15.36873485	15.46918506
5	5.702311246	6.975727317	7.804155666	8.421494945	8.91310717	9.320875325	9.668681029	9.971482605	10.23928111	10.47909419	10.69603504	10.89394265	11.07577164	11.24384358	11.40001517	11.5457941	11.68242111	11.81092903	11.93218692	12.04693265	12.15579801	12.25932801	12.35799605	12.45221587	12.54235118	12.62872336	12.71161777	12.7912889
6	5.243092462	6.330507598	7.033262995	7.556039435	7.972277093	8.317673437	8.61247011	8.869303588	9.096606786	9.300292224	9.484666758	9.652964909	9.807677386	9.950762636	10.08378814	10.20802771	10.32453036	10.43417003	10.53768238	10.63569234	10.72873518	10.81727277	10.90170635	10.98238664	11.0596219	11.13368449	11.20481619	11.27323257
7	4.94901674	5.919293784	6.542441233	7.004992457	7.373011997	7.678367438	7.939041859	8.166226742	8.367375353	8.547706202	8.711017097	8.860158418	8.997324092	9.124238636	9.242281956	9.352575231	9.456041617	9.553450138	9.645448062	9.732585211	9.815332504	9.894096294	9.969229597	10.04104099	10.10980173	10.1757515	10.23910311	10.30004635
8	4.745234317	5.635392662	6.203834973	6.624813205	6.959422679	7.236948793	7.473848223	7.680332427	7.863187751	8.027158511	8.175693533	8.311379137	8.436204775	8.551733546	8.659215831	8.759667284	8.853924146	8.942682986	9.026530098	9.105963544	9.18140996	9.25323754	9.321766208	9.387275672	9.450011864	9.510192147	9.568009559	9.623636292
9	4.595961496	5.428042804	5.956682262	6.347299412	6.65743008	6.914510856	7.133903366	7.325114637	7.494450823	7.646313543	7.783899396	7.909603409	8.025266705	8.132335139	8.231964861	8.32509481	8.412497853	8.494817711	8.572596154	8.646293384	8.716303657	8.782967186	8.846579604	8.907399393	8.965653837	9.021543831	9.075247796	9.126924902
10	4.482028391	5.270161537	5.768591436	6.136093313	6.427535549	6.668969744	6.8749368	7.054415029	7.213349183	7.355883509	7.485024082	7.603021405	7.711604356	7.812129924	7.905682741	7.9931436	8.075236694	8.152565619	8.225638129	8.294885489	8.360677075	8.423331641	8.483126148	8.540302737	8.595074262	8.647629006	8.69813405	8.746738484
11	4.392273613	5.146033601	5.620778421	5.970110013	6.246826614	6.47590606	6.671252714	6.841434454	6.992115336	7.127239009	7.249663184	7.36152557	7.46446731	7.559775835	7.648479721	7.731413709	7.809264503	7.882603782	7.951912505	8.017599104	8.080013345	8.139457026	8.196192343	8.250448511	8.302427058	8.352306099	8.400243812	8.446381303
12	4.319771312	5.045934303	5.5016263	5.836308356	6.101128222	6.320207853	6.506944669	6.669578802	6.813550448	6.942642985	7.05959546	7.166455258	7.264793191	7.355840866	7.440581823	7.519813957	7.594193449	7.664266424	7.730492232	7.793260884	7.852906311	7.909716608	7.963942038	8.01580136	8.065486894	8.113168603	8.158997421	8.203107982
13	4.26000133	4.963534354	5.403575691	5.726201773	5.98121383	6.192036213	6.371652684	6.528037061	6.666446646	6.790534197	6.902941547	7.005642338	7.100149823	7.187649886	7.269089149	7.345235272	7.416719377	7.48406659	7.547718493	7.608049936	7.665381815	7.719990936	7.772117722	7.82197231	7.86973942	7.915582286	7.959645856	8.002059415
14	4.209891368	4.894538526	5.321500782	5.634035797	5.880825889	6.084715231	6.258346	6.409470665	6.543194208	6.663060707	6.771631676	6.87081921	6.962088635	7.046587738	7.125232358	7.198764931	7.267795854	7.332832363	7.394301338	7.452564945	7.507933167	7.560673353	7.611017681	7.659169056	7.705305822	7.749585563	7.792148198	7.833118519
15	4.167281333	4.835934121	5.251806775	5.555773383	5.795571769	5.993559858	6.162089304	6.308725913	6.438447451	6.554705894	6.659994916	6.756174392	6.844670388	6.926597128	7.002844883	7.074134742	7.14105918	7.204110908	7.263704062	7.320190045	7.373869575	7.425001972	7.473812406	7.520497631	7.565230568	7.608163993	7.649433541	7.689160175
16	4.130609037	4.785545184	5.191898171	5.488500458	5.722283035	5.915186724	6.079316657	6.222079301	6.348343106	6.461481974	6.563931291	6.657506916	6.743599064	6.823296219	6.897464633	6.966808084	7.031903751	7.093231521	7.151194673	7.206135346	7.258346282	7.30807989	7.355556082	7.400965161	7.44447585	7.486236783	7.526379907	7.565022885
17	4.098717089	4.741762627	5.139856064	5.430061976	5.658613606	5.8470922	6.007389495	6.1467746	6.270021166	6.380435758	6.480403535	6.571702012	6.655691452	6.733436025	6.805783933	6.873422133	6.936914744	6.996730671	7.053263869	7.106848491	7.157770388	7.206275985	7.252579191	7.296866877	7.339303236	7.380033301	7.419185811	7.456875558
18	4.070729555	4.703370481	5.094230951	5.378830209	5.602792524	5.787385127	5.944313898	6.080727778	6.201318637	6.309333746	6.407114456	6.496404831	6.578538991	6.654560285	6.72530024	6.791431572	6.853507118	6.911986116	6.967254319	7.019638863	7.069419554	7.116837564	7.162102219	7.205396359	7.246880618	7.286696871	7.324971043	7.361815403
19	4.045972521	4.669433373	5.053908056	5.333553217	5.553456936	5.734610151	5.888555263	6.022335702	6.14057099	6.246456499	6.342295036	6.429801215	6.510286146	6.58477484	6.654083791	6.718873915	6.779687688	6.836975824	6.891116847	6.942431705	6.991194866	7.03764287	7.081980991	7.124388514	7.165022926	7.204023312	7.241513107	7.277602352
20	4.023918007	4.639220078	5.018016124	5.293252512	5.50954165	5.687629511	5.838913602	5.97034385	6.086475658	6.190458403	6.284560722	6.370471122	6.449480304	6.522597015	6.590624573	6.654213067	6.713895972	6.770116433	6.82324655	6.87360177	6.921451822	6.967029122	7.010535346	7.052146609	7.092017604	7.130284931	7.167069808	7.202480291
21	4.004147086	4.612150799	4.985864483	5.257152402	5.470202133	5.645540991	5.794437188	5.923757223	6.037999291	6.140271731	6.232812683	6.317287359	6.394968238	6.466849544	6.533722828	6.596228512	6.654892024	6.710149746	6.762368035	6.811857423	6.858883394	6.903674677	6.946429728	6.987321829	7.026503166	7.064108116	7.100255911	7.13505283
22	3.986323049	4.587759962	4.956898646	5.224630133	5.434760291	5.607620074	5.754361614	5.881776522	5.994311643	6.095038473	6.186167781	6.269343854	6.345822814	6.41658584	6.482413913	6.543938766	6.601678598	6.656063711	6.707455299	6.756159471	6.802437896	6.846515988	6.888589299	6.928828565	6.967383715	7.004387123	7.039956233	7.074195722
23	3.970172196	4.565669447	4.930668371	5.195180026	5.402665452	5.573278306	5.718065936	5.843752358	5.954738073	6.054061326	6.143908177	6.225904028	6.30129023	6.371036185	6.435913327	6.496545541	6.553444495	6.607034997	6.657673575	6.70566234	6.75125951	6.794687503	6.836139248	6.875783169	6.91376716	6.950221778	6.985262852	7.018993607
24	3.955469777	4.545569005	4.906804306	5.168387244	5.373465831	5.542032844	5.685040574	5.809151729	5.918724772	6.016767792	6.105444434	6.186362971	6.260751352	6.329568294	6.393576567	6.453392933	6.509523132	6.562386984	6.612336777	6.659670996	6.704644723	6.74747765	6.788360324	6.827459073	6.864919934	6.900871818	6.93542908	6.968693628
25	3.942029527	4.5272017	4.88500062	5.143908297	5.346787313	5.513483807	5.654863452	5.777533095	5.885812902	5.982683482	6.070288063	6.150219308	6.223692953	6.291657977	6.354869254	6.413937051	6.469361706	6.521558487	6.570875821	6.61760888	6.662009886	6.704296048	6.744655735	6.783253363	6.820233275	6.855722878	6.889835182	6.922670891
26	3.929695772	4.510352946	4.865001938	5.121456362	5.322317475	5.48729722	5.62718232	5.748527916	5.855619427	5.951412329	6.038031167	6.117054326	6.189686369	6.256867361	6.319344952	6.377723467	6.432498293	6.484080539	6.53281509	6.578994087	6.622867134	6.664649161	6.704526548	6.742661955	6.779198174	6.814261232	6.847962909	6.880402802
27	3.918337405	4.494842134	4.846593354	5.100790389	5.299793778	5.463192425	5.601699962	5.721825202	5.827821106	5.922620065	6.008329473	6.086514598	6.158369744	6.224826792	6.286626752	6.344368491	6.398542852	6.449557116	6.497752918	6.543419612	6.586804396	6.628120105	6.667551289	6.705258994	6.741384586	6.776052824	6.809374354	6.841447759
28	3.907843228	4.480516172	4.829593043	5.081705294	5.27899276	5.440930478	5.578164998	5.697161885	5.802144455	5.896023834	5.980891607	6.058300959	6.129436737	6.195223279	6.256395479	6.313547172	6.367165011	6.417652748	6.465349022	6.510540617	6.55347251	6.594355609	6.633372771	6.670683556	6.706428013	6.740729731	6.77369831	6.805431396
29	3.898118312	4.467244441	4.813845104	5.064026797	5.259724573	5.420308388	5.556362769	5.674313303	5.778355904	5.871382036	5.955468676	6.032157835	6.102625621	6.167789397	6.228378403	6.284981819	6.338082425	6.388080711	6.435312543	6.480062328	6.522572992	6.563053654	6.601685609	6.638627039	6.674016778	6.707977328	6.740617325	6.772033544
30	3.889081129	4.454914824	4.799216418	5.047605132	5.241826049	5.401151668	5.536109007	5.653086585	5.756254908	5.848487216	5.931846938	6.007865729	6.077711592	6.142295426	6.202341224	6.258433853	6.311052499	6.360594627	6.407393532	6.451731415	6.493849298	6.533954643	6.572227293	6.608824156	6.643882932	6.67752512	6.709858455	6.740978909
31	3.880661273	4.44343054	4.785591894	5.03231104	5.225156355	5.38330971	5.517244646	5.63331522	5.735668319	5.827160238	5.909841814	5.985235074	6.054500486	6.118542935	6.178081541	6.233697158	6.28586563	6.33498161	6.381376	6.425328952	6.467079714	6.506834208	6.544770927	6.581045591	6.615794848	6.64913926	6.681185728	6.712029473
32	3.872797622	4.432707962	4.772871682	5.01803238	5.209593307	5.366651834	5.499631657	5.614854709	5.716445863	5.807245622	5.889293085	5.964101306	6.032823729	6.096359638	6.155423604	6.210592746	6.26233979	6.311056766	6.357072347	6.400664772	6.442071639	6.48149743	6.519119382	6.555092104	6.589551264	6.622616551	6.654394086	6.68497839
33	3.865436861	4.422673244	4.760968734	5.004671389	5.195030378	5.351064105	5.483149689	5.597579049	5.698456491	5.788607764	5.870061002	5.944320875	6.012534266	6.075595224	6.134214074	6.188964438	6.240316133	6.288658739	6.334318844	6.377572901	6.418656961	6.457774166	6.495100574	6.530789758	6.564976469	6.597779581	6.629304485	6.659645047
34	3.858532274	4.413262545	4.749806815	4.992142452	5.181374278	5.336446737	5.467693327	5.581377866	5.681585399	5.771127862	5.852023122	5.925767998	5.993503232	6.056117968	6.114318555	6.168675345	6.219655427	6.267646087	6.312971959	6.355907824	6.396688286	6.435515229	6.472563608	6.507986025	6.541916373	6.57447276	6.605759894	6.635871028
35	3.852042756	4.404419459	4.739318877	4.980370271	5.168542955	5.32271196	5.453169849	5.566154066	5.66573159	5.754701395	5.835071712	5.908331997	5.975617226	6.037811944	6.09561877	6.149604982	6.200235115	6.247894297	6.292905334	6.335541432	6.376035842	6.414589262	6.451375616	6.486546594	6.520235279	6.552559065	6.583622017	6.613516811
36	3.84593199	4.396094172	4.72944572	4.969288361	5.15646396	5.309782271	5.439497368	5.551821903	5.650805864	5.73923604	5.819111607	5.891915095	5.958776062	6.020574729	6.078010205	6.131646883	6.181946891	6.229293334	6.274007292	6.316360498	6.356584923	6.394880155	6.431419145	6.466352725	6.499813222	6.531917351	6.562768575	6.592459029
37	3.840167776	4.388242534	4.720134871	4.958837796	5.145073078	5.297588974	5.426603303	5.538305363	5.63672914	5.724649946	5.804058429	5.876430596	5.942890901	6.004315492	6.061400174	6.114706621	6.164694695	6.211745592	6.256178771	6.298264573	6.338233766	6.376284892	6.412589983	6.447299065	6.48054375	6.512440116	6.543091057	6.572588199
38	3.834721462	4.380825267	4.711339662	4.948966166	5.134313194	5.286070966	5.41442309	5.525536826	5.623431065	5.710870291	5.789837102	5.861801355	5.927882686	5.988953402	6.045706188	6.098700153	6.148393022	6.195164191	6.239331588	6.281164238	6.320891776	6.358711756	6.394795345	6.429291807	6.462332077	6.494031634	6.524492835	6.553806823
39	3.829567467	4.373807321	4.703018444	4.939626701	5.124133339	5.275173715	5.402899104	5.513455939	5.610848845	5.69783207	5.776380609	5.847958503	5.913680837	5.974416287	6.030854592	6.083552435	6.132965521	6.179471544	6.223386985	6.264979629	6.304478036	6.342078828	6.377952353	6.412247154	6.445093528	6.476606386	6.506887579	6.536027793
40	3.824682883	4.367157312	4.695133934	4.930777534	5.114487883	5.264848403	5.391979757	5.502008668	5.598926253	5.685477076	5.763628934	5.834840363	5.900222143	5.96063951	6.016779414	6.069196245	6.118343795	6.164598145	6.208274409	6.249639195	6.288920049	6.326312706	6.361986742	6.396090017	6.428752224	6.460087737	6.490197923	6.51917304
41	3.820047133	4.360847062	4.687652658	4.922381074	5.105335859	5.255051194	5.381618726	5.491146487	5.587612796	5.673753034	5.751528176	5.822391541	5.887449824	5.947565006	6.003421392	6.055571196	6.104466396	6.150481549	6.193930467	6.235078646	6.274152669	6.311347432	6.346831777	6.380752917	6.413239972	6.444406807	6.474354332	6.503172397
42	3.815641682	4.354851196	4.680544472	4.914403472	5.096640377	5.24574262	5.371774296	5.480825702	5.576863002	5.662612865	5.740029789	5.81056214	5.87531274	5.935140474	5.990727139	6.042622884	6.091277966	6.137065492	6.180298042	6.221240053	6.260117195	6.297123569	6.332427317	6.366175041	6.398495315	6.429501519	6.459294134	6.487962617
43	3.811449791	4.349146802	4.673782166	4.906814173	5.088368136	5.236887043	5.362408805	5.471006856	5.566635811	5.652014056	5.729089932	5.799307101	5.863764699	5.923318673	5.978648434	6.030302168	6.078728497	6.124299149	6.167325534	6.208071082	6.246760594	6.283587415	6.318719025	6.35230144	6.384462719	6.415315781	6.444960343	6.473486171
44	3.807456305	4.343713144	4.667341108	4.899585519	5.080488991	5.228452209	5.353488162	5.461654236	5.556894055	5.64191812	5.718668917	5.788585627	5.852763882	5.91205683	5.967141614	6.01856455	6.066772705	6.112136494	6.154966212	6.195524334	6.234034832	6.270690331	6.30565768	6.339081983	6.37109149	6.401798355	6.431302253	6.459691923
45	3.803647468	4.338531402	4.661198951	4.892692416	5.072975593	5.220408853	5.344981435	5.452735434	5.547604003	5.632290132	5.708730723	5.778360692	5.842272331	5.901316123	5.956167046	6.007369638	6.055369481	6.100535743	6.143177654	6.183556778	6.221895954	6.258387775	6.293198179	6.326472096	6.358336624	6.388903826	6.418273005	6.446532563
46	3.800010768	4.333584462	4.655335374	4.886112046	5.06580307	5.212730358	5.33686049	5.444220977	5.538734979	5.623098323	5.699242588	5.768598618	5.83225552	5.891061233	5.945688674	5.996680683	6.044481425	6.089458878	6.131920913	6.172128871	6.210304881	6.246640225	6.28130058	6.31443037	6.346156244	6.376589869	6.405830191	6.433965292
47	3.796534798	4.328856727	4.649731853	4.879823611	5.058948756	5.205392467	5.329099688	5.436083998	5.530259019	5.614313736	5.690174645	5.759268701	5.822681969	5.881259962	5.935673626	5.986464179	6.034074436	6.078870858	6.1211614	6.161205592	6.199225149	6.23541073	6.269927464	6.302919291	6.334512435	6.36481818	6.393935132	6.421951069
48	3.793209134	4.324333949	4.644371472	4.873808116	5.052391948	5.198373026	5.321675608	5.428299961	5.522150583	5.605909921	5.68149961	5.750342892	5.813522922	5.871882893	5.926091867	5.976689163	6.024116951	6.06874068	6.110866673	6.150753999	6.188623687	6.224665797	6.259044933	6.291904577	6.323370541	6.353553747	6.382552475	6.410454212
49	3.790024238	4.320003087	4.639238752	4.86804818	5.046113699	5.191651758	5.314566819	5.420846406	5.514386292	5.597862665	5.673192512	5.741795517	5.804752055	5.862903096	5.916915543	5.967328238	6.014581165	6.059039035	6.101007282	6.140744218	6.178470212	6.214374755	6.248621948	6.281354831	6.312698827	6.342764508	6.371649844	6.399442041
50	3.786971359	4.315852185	4.634319495	4.862527864	5.040096639	5.185210072	5.307753666	5.41370274	5.506944709	5.590149768	5.665230448	5.73360303	5.796345224	5.854295513	5.908120085	5.958355406	6.005440581	6.04973932	6.091556213	6.131148841	6.168736945	6.204509468	6.238630031	6.271241252	6.302468177	6.332421047	6.361197531	6.38888457
51	3.784042458	4.31187026	4.629600665	4.857232528	5.034324809	5.17903089	5.301218097	5.406850046	5.49980614	5.58275083	5.657592377	5.725743798	5.788279895	5.846038105	5.899682022	5.949747047	5.996671151	6.04081709	6.082488639	6.121942681	6.159398355	6.195044077	6.229043009	6.261537364	6.292651828	6.322496321	6.351168229	6.378754233
52	3.781230136	4.308047202	4.625070261	4.852148702	5.028783527	5.173098497	5.294943496	5.400270912	5.492952461	5.57564708	5.650258934	5.718197909	5.780536297	5.83810968	5.891580021	5.941481414	5.988250741	6.032249839	6.073781703	6.113102549	6.150430934	6.185954773	6.219836784	6.252218792	6.283225138	6.312965435	6.341536794	6.369025651
53	3.778527569	4.304373693	4.620717223	4.847263966	5.023459257	5.167398407	5.288914549	5.39394929	5.486366963	5.568821211	5.643212266	5.71094662	5.773095303	5.830490979	5.883794417	5.933538458	5.980158938	6.024016813	6.065414331	6.104607061	6.141813007	6.177219599	6.210989131	6.243263054	6.274165379	6.303805423	6.332280034	6.359675411
54	3.775928458	4.30084113	4.61653134	4.842566855	5.018339501	5.161917244	5.283117115	5.387870362	5.480034219	5.562257244	5.636435537	5.703973694	5.765939531	5.823164214	5.876307045	5.925899661	5.972376892	6.016098848	6.057367055	6.096436467	6.133524552	6.168818274	6.202479522	6.234649385	6.265451557	6.294995071	6.323376524	6.350681885
55	3.773426974	4.297441557	4.612503169	4.838046769	5.013412705	5.15664264	5.27753812	5.382020423	5.473939962	5.5559404	5.629914152	5.697263119	5.759052903	5.816112934	5.869101106	5.918547895	5.964887165	6.008478212	6.049621869	6.088572495	6.125547045	6.160732036	6.194288963	6.226358571	6.257064247	6.286514754	6.314806441	6.342025061
56	3.77101772	4.294167604	4.608623966	4.833693889	5.008668168	5.151563142	5.272165451	5.376386783	5.468070978	5.549856643	5.623633683	5.690800372	5.752420525	5.809321901	5.862161037	5.911467294	5.957673605	6.001138481	6.04216209	6.080998219	6.117863327	6.1529435	6.186399858	6.218372812	6.248985454	6.278346284	6.306551418	6.333686398
57	3.768695688	4.291012437	4.604885619	4.82949911	5.004095963	5.146668126	5.26698788	5.370957669	5.462415011	5.543993929	5.617581032	5.684571984	5.746028584	5.802776979	5.855472403	5.904643139	5.950721225	5.994064418	6.034972242	6.073697933	6.110457475	6.145436539	6.17879588	6.210675589	6.241198476	6.270472786	6.29859441	6.325648687
58	3.766456228	4.287969709	4.601280596	4.825453976	4.999686874	5.141947727	5.261994972	5.36572215	5.456960677	5.538340159	5.611744032	5.678565442	5.739864246	5.796465038	5.849021792	5.898061756	5.944016104	5.987241865	6.028037945	6.066657048	6.103314698	6.138196167	6.17146186	6.203251558	6.233687797	6.26287858	6.29091958	6.317895939
59	3.764295328	4.285033517	4.597801894	4.821550622	4.995432328	5.137392768	5.257177029	5.360670058	5.451697032	5.532884365	5.606111366	5.67276911	5.733915576	5.790373863	5.842796731	5.891710427	5.937545293	5.980657656	6.021345824	6.05986199	6.096421235	6.131208443	6.164383683	6.196086439	6.226438981	6.255549078	6.283512193	6.310413279
60	3.76220834	4.282198362	4.594442987	4.817781726	4.991324345	5.132994708	5.252525016	5.355791925	5.446614895	5.527616333	5.600672497	5.667172149	5.728171458	5.78449208	5.836785601	5.885577305	5.93129673	5.974299524	6.01488342	6.053300116	6.089764265	6.124460381	6.157548205	6.189166932	6.21943858	6.24847069	6.276358521	6.303186846
61	3.76019181	4.279459119	4.591197797	4.81414046	4.987355481	5.128745579	5.24803051	5.351078923	5.441704752	5.522526541	5.595417599	5.661764453	5.722621527	5.778809081	5.830977569	5.879651344	5.925259166	5.96815603	6.008639113	6.046959635	6.083331836	6.117939869	6.150943162	6.182480631	6.212674049	6.241630737	6.26944576	6.296203712
62	3.758242229	4.276811004	4.588060645	4.810620452	4.983518791	5.124637947	5.24368565	5.346522811	5.436958022	5.517606098	5.590337497	5.656536588	5.717256106	5.773314963	5.82536252	5.873922229	5.919422099	5.962216495	6.002602055	6.040829537	6.077112782	6.111635598	6.144557104	6.176015953	6.206133676	6.235017384	6.262761952	6.289451805
63	3.756356319	4.274249544	4.585026226	4.807215746	4.979807782	5.120664863	5.239483088	5.342115518	5.432366684	5.512846696	5.585423618	5.651479736	5.71206615	5.76800047	5.819930999	5.868380318	5.913775713	5.956470936	5.996762104	6.03489953	6.07109667	6.105536994	6.138379329	6.169762066	6.199806508	6.228619562	6.256295917	6.282919837
64	3.754531011	4.271770556	4.582089577	4.80392077	4.976216382	5.116819825	5.23541595	5.337850544	5.427923235	5.508240559	5.58066794	5.646585645	5.707043196	5.76285694	5.814674159	5.863016591	5.908310821	5.950910008	5.991109768	6.029159981	6.065273731	6.099634163	6.132399817	6.163708836	6.193682298	6.222426912	6.250037193	6.276597242
65	3.75276343	4.269370121	4.579246049	4.800730306	4.972738901	5.113096744	5.231477795	5.333720801	5.423620647	5.503780406	5.576062949	5.641846587	5.702179315	5.757876259	5.809583711	5.857822596	5.903018815	5.94552496	5.985636156	6.023601868	6.059634817	6.093917833	6.126609183	6.157846764	6.18775144	6.216429729	6.243975973	6.270474121
66	3.751050881	4.267044564	4.576491283	4.797639459	4.969370006	5.109489911	5.227662588	5.329719962	5.41945233	5.499459409	5.571601597	5.637255314	5.697467073	5.753050819	5.804651885	5.852790406	5.897891627	5.940307583	5.98033293	6.018216727	6.054171345	6.088379311	6.120998623	6.152166943	6.182004929	6.21061891	6.238103063	6.264541189
67	3.749390834	4.264790436	4.573821187	4.794643639	4.966104691	5.105993967	5.223964661	5.325842087	5.415412097	5.495271159	5.567277272	5.632805024	5.692899492	5.748373478	5.799871384	5.847912582	5.892921678	5.935250171	5.975192261	6.012996613	6.04887526	6.083010433	6.115559873	6.146661012	6.176434307	6.204985907	6.232409829	6.258789726
68	3.747780912	4.262604497	4.57123192	4.791738529	4.962938253	5.102603877	5.220378332	5.322081595	5.411494137	5.491209634	5.563083759	5.628489324	5.688470015	5.743837524	5.795235354	5.843182132	5.88810185	5.930345485	5.970206792	6.00793406	6.04373899	6.077803529	6.110285165	6.141321111	6.171031627	6.199522688	6.226888154	6.253211541
69	3.746218878	4.260483699	4.568719865	4.788920074	4.959866269	5.099314908	5.216899287	5.318433237	5.407692985	5.487269171	5.559015214	5.624302202	5.684172475	5.739436646	5.790737345	5.838592482	5.883425447	5.925586712	5.965369606	6.003022045	6.038755415	6.072751382	6.105167194	6.136139847	6.165789413	6.194221696	6.221530407	6.247798923
70	3.744702627	4.258425174	4.566281621	4.786184453	4.956884577	5.096122604	5.213522479	5.314892075	5.404003497	5.483444439	5.555066135	5.620238002	5.680001067	5.735164903	5.78637129	5.83413744	5.878886164	5.920967443	5.960674187	5.998253957	6.033917829	6.0678472	6.100199081	6.131110261	6.160700625	6.189075817	6.216329399	6.242544617
71	3.743230176	4.25642622	4.563913983	4.78352807	4.953989255	5.093022766	5.210243469	5.311453455	5.400420824	5.479730417	5.551231341	5.61629139	5.675950322	5.731016696	5.782131469	5.829811175	5.874478062	5.916481634	5.956114398	5.993623567	6.029219915	6.063084581	6.095374343	6.126225792	6.155758632	6.184078347	6.211278357	6.237441781
72	3.741799655	4.254484288	4.561613928	4.780947531	4.951176604	5.090011436	5.207058071	5.308112987	5.396940398	5.476122367	5.547505942	5.612457338	5.672015082	5.726986745	5.778012488	5.825608186	5.870195538	5.912123588	5.951684449	5.989124997	6.024655715	6.058457485	6.090686868	6.121480254	6.150957175	6.179222961	6.206370892	6.232483964
73	3.740409297	4.252596973	4.559378604	4.778439636	4.948443136	5.087084877	5.203962333	5.304866531	5.393557905	5.472615822	5.543885326	5.608731103	5.668190478	5.723070069	5.774009257	5.821523281	5.866033306	5.907887927	5.947378876	5.984752701	6.020219603	6.053960216	6.086130883	6.116867806	6.146290349	6.174503689	6.201600973	6.227665075
74	3.739057436	4.250762004	4.557205318	4.77600136	4.945785554	5.084239561	5.200952524	5.301710174	5.390269269	5.469206557	5.540365136	5.6051082	5.664471912	5.719261958	5.770116967	5.817551555	5.861986369	5.90376957	5.943192517	5.98050144	6.015906265	6.049587386	6.081700936	6.112382933	6.141752573	6.169914891	6.196962901	6.222979361
75	3.737742493	4.248977232	4.555091522	4.773629845	4.943200741	5.081472153	5.198025117	5.298640218	5.38707064	5.465890584	5.536941252	5.601584393	5.660855037	5.715557965	5.766331072	5.813688371	5.858050007	5.899763714	5.939120492	5.976366261	6.011710678	6.045333906	6.077391873	6.108020415	6.137338572	6.165451233	6.192451288	6.218421379
76	3.736462979	4.247240627	4.553034807	4.771322386	4.940685752	5.078779145	5.195176775	5.295653164	5.383958374	5.462664124	5.533609777	5.598155673	5.657335739	5.711953878	5.76264727	5.809929343	5.854219749	5.895865813	5.935158182	5.972342474	6.007628088	6.041194958	6.073198815	6.103775318	6.133043353	6.16110767	6.188061036	6.213985981
77	3.735217479	4.245550264	4.551032893	4.769076424	4.938237794	5.076158235	5.192404339	5.292745702	5.380929022	5.459523605	5.530367022	5.594818243	5.653910124	5.708445711	5.75906149	5.806270316	5.850491367	5.892071564	5.931301214	5.968425643	6.003653994	6.037165982	6.069117142	6.099642967	6.128862188	6.156879422	6.183787316	6.209668291
78	3.734004656	4.243904322	4.549083619	4.766889533	4.935854224	5.073606258	5.189704814	5.289914692	5.377979314	5.456465638	5.527209491	5.591568509	5.650574503	5.705029687	5.755569872	5.802707355	5.846860851	5.88837689	5.927545446	5.96461156	5.999784129	6.033242653	6.065142479	6.095618931	6.124790597	6.152761961	6.179625552	6.205463688
79	3.732823241	4.242301072	4.547184936	4.764759414	4.933532535	5.071120532	5.187075363	5.287157159	5.375106152	5.453487012	5.524133869	5.588403058	5.647325376	5.701702225	5.752168757	5.799236727	5.843324399	5.884777923	5.923886949	5.960896239	5.99601445	6.029420873	6.061270673	6.091699011	6.120824331	6.148750991	6.175571405	6.20136779
80	3.731672028	4.240738875	4.545334899	4.762683884	4.93127035	5.06869851	5.184513294	5.284470281	5.372306595	5.450584681	5.52113701	5.585318657	5.644159425	5.698459926	5.748854673	5.795854892	5.839878406	5.881270995	5.920321993	5.957275893	5.992341118	6.025696753	6.057497785	6.087879219	6.116959358	6.144842437	6.171620758	6.197376437
81	3.730549876	4.239216174	4.543531664	4.760660873	4.929065409	5.066337776	5.18201605	5.281851377	5.369577852	5.44775575	5.51821593	5.582312232	5.641073496	5.695299564	5.745624323	5.792558485	5.836519444	5.87785262	5.916847039	5.95374693	5.988760487	6.022066598	6.053820075	6.08415577	6.113191849	6.141032428	6.167769698	6.19348568
82	3.729455697	4.237731491	4.541773477	4.758688412	4.926915569	5.064036032	5.179581202	5.2792979	5.36691727	5.444997472	5.51536779	5.579380866	5.638064596	5.692218073	5.742474574	5.789344312	5.833244261	5.874519489	5.913458723	5.950305933	5.985269094	6.018526898	6.050233988	6.080525066	6.109518166	6.137317285	6.164014511	6.189691767
83	3.728388458	4.236283419	4.540058671	4.75676463	4.924818789	5.061791096	5.177206441	5.27680743	5.364322329	5.442307232	5.512589894	5.576521781	5.635129876	5.689212538	5.73940245	5.786209335	5.830049762	5.871268454	5.910153845	5.946949658	5.981863646	6.015074316	6.046736144	6.076983687	6.105934849	6.133693512	6.160351661	6.185991127
84	3.727347177	4.23487062	4.53838566	4.754887747	4.922773129	5.05960089	5.17488957	5.274377664	5.361790628	5.439682545	5.509879675	5.57373234	5.632266629	5.686280186	5.736405116	5.783150665	5.826933003	5.868096519	5.906929364	5.943675013	5.97854101	6.011705677	6.043323328	6.073528378	6.102438607	6.130157781	6.156777787	6.182380365
85	3.726330917	4.233491823	4.536752934	4.75305607	4.920776744	5.057463437	5.1726285	5.27200641	5.359319885	5.437121046	5.507234691	5.571010029	5.629472275	5.683418377	5.733479875	5.780165549	5.823891182	5.865000835	5.903782382	5.940479058	5.975298203	6.008417957	6.039992478	6.070156042	6.099026304	6.126706923	6.153289687	6.178856249
86	3.725338789	4.232145813	4.535159057	4.751267985	4.918827873	5.055376856	5.170421237	5.269691579	5.356907925	5.434620478	5.504652614	5.568352453	5.626744358	5.680624597	5.730624158	5.777251367	5.820921629	5.861978686	5.900710139	5.937358993	5.972132383	6.005208277	6.036740678	6.066863726	6.095694956	6.123337921	6.149884313	6.175415697
87	3.724369941	4.230831435	4.533602658	4.749521955	4.916924842	5.05333935	5.168265886	5.267431183	5.354552676	5.432178696	5.502131229	5.565757333	5.624080538	5.677896449	5.727835516	5.774405622	5.8180218	5.859027482	5.897710005	5.934312146	5.969040843	6.002073893	6.033565148	6.063648617	6.092441718	6.120047898	6.146558756	6.172055775
88	3.723423565	4.229547588	4.532082431	4.747816512	4.915066051	5.051349211	5.166160635	5.265223323	5.35225216	5.42979365	5.49966842	5.563222492	5.621478582	5.675231649	5.725111616	5.771625931	5.815189269	5.856144757	5.894779473	5.931335971	5.966021	5.999012186	6.030463237	6.060508032	6.089263874	6.11683411	6.143310245	6.168773682
89	3.722498888	4.228293219	4.530597129	4.746150259	4.913249977	5.049404804	5.164103759	5.26306619	5.350004493	5.427463386	5.497262171	5.560745855	5.618936362	5.672628016	5.722450228	5.768910022	5.812421721	5.853328155	5.891916149	5.92842804	5.963070389	5.99602066	6.027432416	6.057439411	6.086158837	6.113693939	6.140136135	6.165566747
90	3.721595171	4.227067325	4.529145563	4.744521859	4.911475163	5.047504572	5.162093609	5.260958056	5.347807874	5.425186039	5.494910555	5.55832544	5.616451843	5.670083469	5.719849226	5.766255726	5.809716947	5.850575428	5.889117748	5.925586032	5.960186657	5.993096929	6.02447027	6.05444031	6.083124133	6.110624886	6.1370339	6.162432419
91	3.72071171	4.225868947	4.527726596	4.742930039	4.909739868	5.045647026	5.160128612	5.25889727	5.345660585	5.422959826	5.492611734	5.555959356	5.614023084	5.66759602	5.717306578	5.763660969	5.807072834	5.847884428	5.886382087	5.922807732	5.957367558	5.990238716	6.021574492	6.051508394	6.0801574	6.107624562	6.134001127	6.15936826
92	3.719847831	4.224697169	4.526339142	4.741373578	4.908043454	5.043830745	5.158207262	5.256882255	5.343560982	5.420783046	5.490363949	5.553645793	5.61164823	5.665163768	5.714820344	5.761123773	5.804487366	5.845253102	5.883707082	5.920091021	5.954610943	5.987443843	6.018742876	6.048641431	6.077256381	6.104690687	6.13103551	6.156371942
93	3.71900289	4.223551115	4.524982163	4.739851312	4.906384312	5.042054368	5.156328123	5.254911504	5.341507495	5.41865407	5.488165521	5.551383023	5.609325505	5.662784897	5.712388666	5.758642242	5.801958614	5.842679489	5.881090737	5.917433876	5.951914758	5.98471023	6.015973315	6.045837288	6.074418919	6.101821077	6.128134844	6.153441238
94	3.718176272	4.222429947	4.523654667	4.738362126	4.904761227	5.040316596	5.154489819	5.252983573	5.339498621	5.416571341	5.486014841	5.549169392	5.607053213	5.660457669	5.71000977	5.756214566	5.799484732	5.84016171	5.878531144	5.914834359	5.949277039	5.982035885	6.013263792	6.043093923	6.071642947	6.099013645	6.125297019	6.150574016
95	3.717367387	4.221332864	4.522355701	4.736904954	4.903173036	5.038616182	5.152691032	5.251097083	5.337532922	5.414533368	5.483910371	5.547003316	5.604829729	5.658180422	5.707681955	5.753839011	5.797063954	5.837697969	5.876026478	5.912290617	5.946695906	5.979418902	6.010612377	6.040409382	6.068926489	6.096266393	6.122520016	6.147768237
96	3.716575669	4.220259097	4.521084357	4.735478775	4.901618626	5.036951937	5.150930503	5.249250712	5.335609021	5.412538725	5.481850638	5.54488328	5.602653497	5.655951562	5.705403595	5.751513916	5.79469459	5.835286545	5.87357499	5.909800874	5.944169556	5.976857456	6.00801722	6.037781794	6.066267653	6.093577407	6.119801902	6.145021948
97	3.715800579	4.219207911	4.519839763	4.734082609	4.90009693	5.035322717	5.149207023	5.247443194	5.3337256	5.410586044	5.479834231	5.542807831	5.600523028	5.653769565	5.70317313	5.749237691	5.792375018	5.832925791	5.871175005	5.907363429	5.941696266	5.974349797	6.005476551	6.035209366	6.063664625	6.090944853	6.117140824	6.142333278
98	3.715041597	4.218178601	4.518621084	4.73271552	4.898606928	5.033727429	5.147519437	5.245673315	5.331881394	5.408674015	5.477859797	5.540775578	5.598436894	5.651632967	5.700989067	5.747008813	5.790103687	5.830614125	5.868824917	5.904976653	5.939274381	5.971894251	6.002988672	6.032690381	6.061115667	6.088366976	6.114535005	6.139700434
99	3.714298228	4.217170492	4.517427517	4.731376609	4.897147639	5.032165024	5.145866633	5.243939912	5.330075192	5.406801383	5.475926039	5.538785187	5.596393725	5.649540367	5.698849972	5.744825819	5.787879106	5.828350034	5.866523186	5.902638981	5.936902317	5.96948921	6.000551956	6.03022319	6.058619113	6.085842088	6.111982744	6.137121694
100	3.713569993	4.216182934	4.516258296	4.730065013	4.895718123	5.030634495	5.144247549	5.242241869	5.328305831	5.404966942	5.474031714	5.536835378	5.594392208	5.647490421	5.696754472	5.742687307	5.785699849	5.826132064	5.864268337	5.900348916	5.934578552	5.967133132	5.998164842	6.027806214	6.056173363	6.083368575	6.109482407	6.134595409
101	3.712856438	4.215215309	4.515112686	4.728779909	4.894317481	5.02913488	5.142661165	5.240578117	5.326572197	5.403169537	5.472175629	5.534924922	5.592431082	5.645481836	5.694701245	5.74059193	5.783564541	5.823958816	5.862058946	5.898105012	5.93230162	5.964824532	5.995825822	6.025437927	6.053776875	6.080944875	6.107032415	6.132119985
102	3.712157126	4.214267021	4.513989979	4.727520502	4.892944849	5.027665255	5.141106503	5.238947632	5.324873224	5.401408063	5.470356643	5.533052649	5.590509145	5.643513384	5.692689037	5.738538408	5.781471881	5.821828968	5.859893671	5.895905907	5.93007014	5.96256201	5.993533482	6.023116898	6.051428201	6.078569525	6.104631293	6.129693932
103	3.711471631	4.213337493	4.512889494	4.726286027	4.891599392	5.026224723	5.139582617	5.237349421	5.323207877	5.399681449	5.468573651	5.531217417	5.588625228	5.641583866	5.690716624	5.736525492	5.779420594	5.819741223	5.857771193	5.893750261	5.927882753	5.960344187	5.991286424	6.020841711	6.04912591	6.076241079	6.102277577	6.127315402
104	3.710799547	4.212426173	4.511810577	4.725075751	4.890280311	5.024812432	5.138088603	5.235782537	5.321575169	5.397988671	5.466825594	5.529418141	5.586778214	5.63969214	5.688782837	5.734551989	5.777409466	5.817694344	5.855690256	5.891636799	5.925738165	5.958169754	5.989083321	6.018611023	6.046868641	6.073958161	6.099969876	6.124983708
105	3.710140485	4.211532533	4.510752599	4.723888969	4.888986837	5.023427557	5.136623591	5.234246066	5.319974149	5.396328742	5.465111457	5.527653772	5.58496703	5.637837105	5.686886552	5.732616754	5.775437329	5.815687144	5.853649652	5.889564295	5.923635133	5.956037448	5.986922895	6.016423542	6.044655088	6.07171945	6.097706491	6.122697153
106	3.70949407	4.210656061	4.509714958	4.722725004	4.887718233	5.022069309	5.135186745	5.232739133	5.318403904	5.394700718	5.46343026	5.525923306	5.583190643	5.636017705	5.685026689	5.730718684	5.773503061	5.813718481	5.85164822	5.887531571	5.921572461	5.953946059	5.98480392	6.014278024	6.042483993	6.069523674	6.095486849	6.120454439
107	3.708859941	4.209796269	4.508697073	4.721583204	4.886473789	5.020736927	5.133777261	5.231260894	5.316863556	5.393103686	5.461781065	5.524225774	5.58144806	5.634232923	5.68320221	5.728856719	5.771605582	5.811787256	5.849684845	5.885537493	5.919548998	5.95189442	5.982725215	6.012173275	6.040354147	6.067369252	6.093309366	6.118254317
108	3.708237752	4.208952684	4.507698384	4.720462942	4.88525282	5.01942968	5.132394364	5.229810536	5.315352258	5.391536771	5.460162966	5.522560247	5.579738326	5.632481781	5.681412113	5.727029839	5.769743852	5.809892411	5.84775845	5.883580968	5.917563638	5.949881409	5.980685641	6.010108143	6.038264386	6.065255707	6.091172853	6.116095586
109	3.707627168	4.208124854	4.506718354	4.719363615	4.884054668	5.018146862	5.131037309	5.22838728	5.313869197	5.389999128	5.458575093	5.520925826	5.578060521	5.630763337	5.679655438	5.725237062	5.767916871	5.808032928	5.845868001	5.881660947	5.915615315	5.947905946	5.978684106	6.008081522	6.036213589	6.063181563	6.089076166	6.11397709
110	3.707027868	4.20731234	4.505756466	4.718284641	4.882878701	5.016887796	5.129705379	5.226990372	5.312413589	5.388489946	5.457016606	5.51932165	5.576413759	5.629076684	5.677931257	5.723477442	5.766123675	5.806207827	5.844012503	5.879776418	5.913703002	5.94596699	5.976719556	6.006092343	6.034200316	6.06114573	6.087018201	6.111897713
111	3.706439542	4.206514721	4.504812219	4.71722546	4.881724308	5.015651828	5.128397883	5.225619087	5.310984678	5.38700844	5.455486697	5.517746886	5.574797186	5.627420948	5.676238676	5.721750068	5.764363337	5.804416164	5.842190994	5.877926407	5.911825711	5.944063539	5.974790974	6.004139581	6.032224234	6.059147157	6.084997896	6.109856384
112	3.705861891	4.205731592	4.503885132	4.716185532	4.8805909	5.014438328	5.127114154	5.224272728	5.309581738	5.385553858	5.453984588	5.516200734	5.573209981	5.625795286	5.674576835	5.720054062	5.762634961	5.802657027	5.84040255	5.876109973	5.909982488	5.942194627	5.972897383	6.002222243	6.030283994	6.05718483	6.083014227	6.107852068
113	3.705294627	4.204962561	4.502974744	4.715164338	4.87947791	5.01324669	5.12585355	5.22295062	5.308204066	5.384125472	5.452509527	5.51468242	5.57165135	5.624198887	5.672944905	5.718388578	5.760937684	5.80092954	5.838646278	5.874326211	5.908172415	5.940359323	5.97103784	6.000339016	6.028378631	6.055257773	6.081066207	6.105883768
114	3.704737472	4.204207251	4.502080606	4.714161375	4.878384792	5.012076327	5.124615453	5.221652115	5.306850986	5.382722581	5.451060792	5.5131912	5.570120528	5.622630969	5.671342085	5.716752799	5.759270677	5.799232856	5.836921319	5.872574248	5.906394606	5.938556728	5.969211434	5.998489681	6.026507213	6.053365044	6.079152884	6.103950521
115	3.70419016	4.203465299	4.501202286	4.713176161	4.877311019	5.010926676	5.123399264	5.220376586	5.305521846	5.381344508	5.449637683	5.511726354	5.568616779	5.621090775	5.669767603	5.715145937	5.757633135	5.79756616	5.835226843	5.870853241	5.904648206	5.936785977	5.967417288	5.996673007	6.024668842	6.051505733	6.077273339	6.102051401
116	3.70365243	4.202736352	4.50033937	4.712208227	4.876256081	5.00979719	5.122204408	5.219123428	5.304216016	5.379990601	5.448239527	5.510287191	5.56713939	5.619577577	5.668220716	5.713567233	5.756024285	5.795928662	5.83356205	5.869162377	5.90293239	5.935046232	5.965654555	5.994888136	6.022862649	6.049678964	6.075426686	6.100185511
117	3.703124035	4.202020072	4.499491456	4.711257124	4.875219487	5.008687346	5.121030328	5.217892059	5.302932888	5.378660229	5.446865673	5.508873039	5.565687675	5.618090673	5.666700703	5.712015954	5.75444338	5.794319603	5.831926165	5.867500872	5.901246363	5.933336688	5.963922052	5.993134241	6.021087799	6.04788389	6.07361207	6.098351988
118	3.702604732	4.201316132	4.498658155	4.710322416	4.874200763	5.007596633	5.119876487	5.216681916	5.301671876	5.377352785	5.445515493	5.507483254	5.56426097	5.616629381	5.665206871	5.710491391	5.752889698	5.792738248	5.830318444	5.865867968	5.899589355	5.931656564	5.962219706	5.991410522	6.019343482	6.046119694	6.071828664	6.096549997
119	3.702094289	4.200624216	4.497839093	4.709403683	4.873199451	5.006524564	5.118742366	5.215492453	5.300432412	5.376067681	5.444188381	5.50611721	5.562858635	5.615193048	5.663738549	5.708992859	5.751362542	5.791183889	5.828738164	5.864262932	5.897960624	5.930005108	5.960546403	5.989716207	6.017628917	6.044385586	6.070075671	6.094778732
120	3.701592482	4.199944007	4.497033837	4.708500269	4.872215245	5.005470945	5.117627464	5.214323144	5.299213945	5.374804342	5.442883738	5.504774285	5.561480021	5.613780994	5.66229503	5.707519618	5.749861132	5.789655705	5.827184463	5.862684853	5.896359206	5.928381303	5.95890148	5.988050643	6.015943463	6.04268094	6.068352482	6.093037608
121	3.701099093	4.199275231	4.496242179	4.707612277	4.871247449	5.004434765	5.116531297	5.213173484	5.298015954	5.373562233	5.441601022	5.503453935	5.560124588	5.612392694	5.660875805	5.706071187	5.748385027	5.788153299	5.825656996	5.86113345	5.894784892	5.926785016	5.957284083	5.986412931	6.014286173	6.041004754	6.066658037	6.091325497
122	3.700613911	4.198617593	4.495463711	4.706739083	4.870295781	5.003415853	5.115453397	5.212042981	5.296837924	5.372340818	5.440339675	5.502155577	5.558791729	5.611027512	5.659480211	5.704646871	5.746933495	5.786675901	5.824154951	5.859607864	5.893236774	5.925215288	5.955693593	5.984802461	6.012656447	6.039356444	6.064991768	6.089641853
123	3.700136735	4.197970817	4.494698105	4.705880319	4.869359841	5.002413782	5.11439331	5.21093116	5.295679359	5.371139584	5.439099166	5.500878667	5.557480885	5.609684877	5.658107663	5.703246073	5.745505926	5.785222892	5.822677699	5.858107457	5.891714203	5.923671461	5.954129344	5.983218559	6.011053603	6.03773532	6.063352979	6.087985972
124	3.699667367	4.197334636	4.493945046	4.705035631	4.868439244	5.001428136	5.113350599	5.209837562	5.294539781	5.369958034	5.437878983	5.499622677	5.556191516	5.608364235	5.656757596	5.701868215	5.744101734	5.783793672	5.821224631	5.85663161	5.890216552	5.9221529	5.952590691	5.981660572	6.009476982	6.036140715	6.061740995	6.086357173
125	3.699205617	4.196708791	4.493204228	4.704204676	4.867533614	5.000458515	5.112324841	5.208761742	5.293418728	5.36879569	5.43667863	5.498387099	5.554923097	5.607065049	5.655429461	5.700512738	5.742720348	5.782387663	5.819795158	5.855179726	5.888743216	5.920658988	5.951077013	5.980127871	6.007925947	6.034571984	6.060155164	6.084754797
126	3.698751301	4.196093033	4.492475354	4.703387121	4.86664259	4.999504177	5.111315624	5.20770327	5.292315751	5.367652086	5.43549763	5.497171437	5.553675123	5.605786801	5.654122728	5.699179101	5.741361218	5.781004303	5.81838871	5.853751225	5.887293606	5.919189133	5.949587705	5.978619844	6.006399878	6.033028503	6.058594855	6.083178208
127	3.698304242	4.195487119	4.491758138	4.702582644	4.86576582	4.998565445	5.110322553	5.206661731	5.291230416	5.366526772	5.434335516	5.495975215	5.552447103	5.60452899	5.652836885	5.697866782	5.74002381	5.779643051	5.817004736	5.852345548	5.885867154	5.917742756	5.948122185	5.977135901	6.004898179	6.031509667	6.057059458	6.081626787
128	3.697864267	4.194890817	4.491052303	4.701790936	4.864902967	4.997641611	5.109345243	5.20563672	5.290162305	5.365419315	5.433191841	5.49479797	5.551238563	5.603291129	5.651571434	5.696575273	5.738707608	5.778303379	5.815642701	5.850962152	5.884463309	5.916319301	5.946679888	5.97567547	6.003420271	6.03001489	6.05554838	6.080099937
129	3.697431208	4.194303898	4.49035758	4.701011693	4.864053701	4.996732325	5.108383321	5.204627849	5.28911101	5.364329292	5.432066168	5.493639255	5.550049042	5.602072746	5.650325894	5.695304083	5.737412111	5.776984781	5.814302088	5.849600511	5.88308154	5.914918226	5.945260265	5.974237996	6.001965592	6.028543606	6.054061049	6.07859708
130	3.697004904	4.193726143	4.489673709	4.700244624	4.863217703	4.995837245	5.107436428	5.203634738	5.288076137	5.363256294	5.430958076	5.492498635	5.548878096	5.600873387	5.649099799	5.694052737	5.736136835	5.775686761	5.812982395	5.848260116	5.881721329	5.913539009	5.943862786	5.972822943	6.000533601	6.027095266	6.05259691	6.077117654
131	3.696585198	4.19315734	4.489000437	4.699489446	4.862394666	4.994956041	5.106504213	5.202657022	5.287057304	5.362199927	5.429867157	5.491375689	5.547725293	5.59969261	5.647892698	5.692820773	5.73488131	5.774408843	5.811683138	5.846940475	5.880382176	5.912181142	5.942486938	5.971429791	5.999123769	6.025669337	6.051155424	6.075660741
132	3.696171938	4.192597281	4.488337519	4.698745884	4.86158429	4.994088393	5.105586339	5.201694345	5.286054142	5.361159805	5.428793013	5.49027001	5.546590214	5.598529984	5.646704152	5.691607744	5.73364508	5.773150562	5.810403844	5.845641109	5.879063596	5.910844133	5.941132222	5.970058034	5.997735588	6.024265303	6.049736069	6.074226543
133	3.695764977	4.192045767	4.48768472	4.698013673	4.860786286	4.99323399	5.104682476	5.200746362	5.285066292	5.360135559	5.427735262	5.489181204	5.545472455	5.597385097	5.645533737	5.690413219	5.732427706	5.771911471	5.809144057	5.844361554	5.877765117	5.909527505	5.939798155	5.968707184	5.996368561	6.022882664	6.048338341	6.072814195
134	3.695364172	4.191502603	4.487041808	4.697292555	4.860000371	4.992392532	5.103792307	5.199812741	5.284093406	5.359126826	5.426693531	5.488108886	5.54437162	5.596257544	5.644381042	5.689236776	5.731228758	5.770691133	5.807903335	5.843101361	5.876486286	5.908230796	5.938484269	5.967376767	5.995022211	6.021520934	6.04696138	6.071423201
135	3.694969384	4.190967602	4.486408561	4.696582279	4.859226275	4.991563726	5.102915522	5.198893157	5.283135146	5.358133258	5.425667459	5.487052686	5.54328733	5.595146935	5.643245667	5.688078008	5.730047821	5.769489126	5.806681249	5.841860094	5.875226658	5.906953558	5.93719011	5.966066322	5.99369607	6.020179644	6.04560543	6.070053081
136	3.694580479	4.19044058	4.485784763	4.695882603	4.858463731	4.99074729	5.102051822	5.197987295	5.282191185	5.357154514	5.424656695	5.486012242	5.542219214	5.594052891	5.642127224	5.68693652	5.728884493	5.76830504	5.805477381	5.84063733	5.873985805	5.905695354	5.935915236	5.964775405	5.992389688	6.018858336	6.044269677	6.068703368
137	3.694197326	4.189921361	4.485170203	4.695193291	4.857712483	4.989942948	5.101200917	5.197094852	5.281261206	5.356190266	5.4236609	5.484987204	5.541166913	5.592975044	5.641025339	5.685811928	5.727738383	5.767138477	5.804291328	5.839432658	5.87276331	5.904455764	5.93465922	5.96350358	5.991102627	6.017556567	6.042953676	6.06737361
138	3.693819798	4.189409772	4.484564679	4.694514115	4.856972283	4.989150435	5.100362524	5.196215531	5.2803449	5.355240194	5.422679744	5.483977234	5.540130078	5.591913037	5.639939645	5.68470386	5.726609112	5.765989052	5.803122696	5.83824568	5.871558769	5.903234378	5.933421647	5.962250429	5.98983446	6.016273532	6.04165699	6.066063368
139	3.693447773	4.188905647	4.483967992	4.693844853	4.856242888	4.98836949	5.099536368	5.195349045	5.279441968	5.354303987	5.421712905	5.482982001	5.539108371	5.590866524	5.638869789	5.683611955	5.725496311	5.764856389	5.801971106	5.837076009	5.870371789	5.902030796	5.932202114	5.961015543	5.988584776	6.015009547	6.040379197	6.064772216
140	3.693081131	4.188408823	4.48337995	4.693185289	4.855524064	4.987599862	5.098722186	5.194495115	5.278552119	5.353381345	5.420760073	5.482001184	5.538101463	5.589835168	5.637815427	5.682535861	5.724399622	5.763740125	5.800836186	5.835923269	5.869201989	5.900844634	5.931000228	5.959798526	5.987353173	6.013763848	6.039119889	6.063499738
141	3.692719756	4.187919143	4.482800367	4.692535214	4.854815582	4.986841308	5.097919717	5.193653471	5.277675071	5.352471975	5.419820946	5.481034474	5.537109035	5.588818643	5.636776224	5.681475238	5.723318699	5.762639906	5.799717579	5.834787095	5.868049	5.899675515	5.929815611	5.958598992	5.986139262	6.01253604	6.037878666	6.062245535
142	3.692363536	4.187436455	4.482229061	4.691894425	4.854117221	4.986093589	5.09712871	5.192823848	5.27681055	5.351575592	5.418895231	5.480081568	5.536130778	5.58781663	5.635751856	5.680429755	5.722253203	5.761555389	5.798614934	5.833667134	5.86691246	5.898523074	5.928647892	5.957416568	5.98494229	6.011325742	6.036655142	6.061009213
143	3.69201236	4.186960608	4.481665857	4.691262724	4.853428765	4.985356476	5.096348923	5.192005991	5.275958289	5.35069192	5.417982642	5.479142173	5.535166388	5.586828821	5.634742008	5.679399089	5.721202807	5.76048624	5.797527912	5.832563039	5.865792022	5.897386959	5.927496713	5.956250891	5.983762622	6.010132582	6.035448942	6.059790395
144	3.691666123	4.186491459	4.481110583	4.69063992	4.852750005	4.984629744	5.095580118	5.191199652	5.27511803	5.349820691	5.417082901	5.478216002	5.534215575	5.585854917	5.633746374	5.678382928	5.720167193	5.759432135	5.796456185	5.831474478	5.864687345	5.896266824	5.926361724	5.955101607	5.982599541	6.008956198	6.0342597	6.058588711
145	3.691324721	4.186028868	4.480563074	4.690025825	4.852080739	4.983913176	5.094822065	5.190404589	5.27428952	5.348961644	5.41619574	5.47730278	5.533278053	5.584894625	5.632764655	5.677380968	5.71914605	5.758392758	5.795399431	5.830401123	5.863598098	5.895162334	5.925242588	5.953968373	5.981452701	6.007796238	6.033087061	6.057403801
146	3.690988054	4.185572698	4.480023166	4.689420258	4.851420767	4.98320656	5.094074539	5.189620567	5.273472515	5.348114525	5.415320897	5.476402236	5.532353546	5.583947663	5.631796561	5.676392913	5.718139077	5.757367803	5.794357338	5.82934266	5.862523962	5.894073165	5.924138973	5.95285049	5.980321764	6.006652363	6.031930679	6.056235319
147	3.690656023	4.185122816	4.479490704	4.688823043	4.850769898	4.98250969	5.093337324	5.188847358	5.272666777	5.347279087	5.414458116	5.475514108	5.531441784	5.583013755	5.630841812	5.675418476	5.717145982	5.756356972	5.793329605	5.82829878	5.861464624	5.892998999	5.92305056	5.951748349	5.979206402	6.005524238	6.03079022	6.055082924
148	3.690328534	4.184679093	4.478965533	4.688234009	4.850127945	4.981822366	5.092610207	5.188084739	5.271872075	5.346455091	5.413607151	5.474638142	5.530542506	5.582092633	5.629900132	5.674457378	5.71616648	5.755359976	5.792315936	5.827269183	5.86041978	5.891939529	5.921977036	5.950661283	5.978106294	6.004411542	6.029665357	6.053946286
149	3.690005494	4.184241403	4.478447506	4.687652987	4.849494726	4.981144392	5.091892981	5.187332496	5.271088183	5.345642303	5.412767759	5.473774088	5.529655457	5.581184036	5.628971256	5.673509346	5.715200293	5.754376531	5.791316044	5.82625358	5.859389134	5.890894456	5.920918098	5.949588986	5.977021131	6.00331396	6.028555771	6.052825085
150	3.689686813	4.183809625	4.477936478	4.687079817	4.848870064	4.980475581	5.091185448	5.186590416	5.270314883	5.344840496	5.411939708	5.472921707	5.52878039	5.58028771	5.628054925	5.672574116	5.714247151	5.753406365	5.790329651	5.825251686	5.858372401	5.889863488	5.919873452	5.948531158	5.97595061	6.002231186	6.027461154	6.051719009
151	3.689372403	4.183383638	4.477432308	4.68651434	4.848253786	4.979815746	5.090487411	5.185858297	5.269551961	5.344049449	5.411122767	5.472080762	5.527917062	5.579403409	5.627150885	5.671651431	5.713306794	5.752449209	5.789356486	5.824263226	5.857369299	5.888846341	5.918842809	5.947487509	5.974894437	6.001162923	6.026381206	6.050627752
152	3.689062179	4.182963329	4.476934858	4.685956401	4.847645372	4.979164708	5.08979868	5.185135938	5.268799209	5.343268947	5.410316716	5.471251025	5.527065241	5.578530892	5.626258891	5.670741039	5.712378964	5.751504803	5.788396283	5.823287931	5.856379556	5.887842739	5.917825515	5.946457756	5.973852324	6.000108881	6.025315633	6.049551021
153	3.688756059	4.182548583	4.476443995	4.685405852	4.847045357	4.978522294	5.089119072	5.184423145	5.268056426	5.342498781	5.409521338	5.470432275	5.526224697	5.577669926	5.625378705	5.669842696	5.711463414	5.750572896	5.787448786	5.822325541	5.855402908	5.886852415	5.916822034	5.945441622	5.972823995	5.999068777	6.02426415	6.048488526
154	3.68845396	4.182139291	4.47595959	4.684862547	4.846453237	4.977888332	5.088448405	5.183719731	5.267323415	5.341738746	5.408736422	5.469624293	5.525395207	5.576820282	5.624510093	5.668956166	5.710559901	5.74965324	5.786513744	5.821375801	5.854439096	5.885875105	5.915831739	5.94443884	5.971809175	5.998042338	6.02322648	6.047439988
155	3.688155805	4.181735346	4.475481515	4.684326343	4.845868856	4.977262657	5.087786505	5.183025511	5.266599984	5.340988644	5.407961763	5.468826869	5.524576556	5.575981738	5.623652828	5.668081216	5.709668189	5.748745595	5.785590913	5.820438463	5.85348787	5.884910556	5.914854373	5.943449149	5.970807603	5.997029296	6.022202352	6.046405132
156	3.687861516	4.181336645	4.475009647	4.683797102	4.845292065	4.976645108	5.0871332	5.182340306	5.265885948	5.340248281	5.407197162	5.468039798	5.523768532	5.575154079	5.62280669	5.667217621	5.708788049	5.747849727	5.784680056	5.819513287	5.852548983	5.883958519	5.913889683	5.942472293	5.969819018	5.996029391	6.021191504	6.045383694
157	3.68757102	4.180943085	4.474543867	4.683274689	4.844722715	4.976035526	5.086488325	5.181663941	5.265181123	5.33951747	5.406442425	5.467262879	5.522970929	5.574337094	5.621971464	5.666365162	5.707919258	5.74696541	5.783780942	5.818600036	5.851622198	5.883018751	5.912937426	5.941508025	5.968843172	5.995042367	6.020193677	6.044375414
158	3.687284242	4.180554568	4.474084057	4.682758973	4.844160665	4.97543376	5.085851716	5.180996247	5.264485333	5.338796026	5.40569736	5.466495917	5.522183548	5.573530578	5.621146939	5.665523625	5.707061596	5.746092421	5.782893344	5.817698481	5.850707283	5.882090645	5.911997361	5.940556102	5.967879819	5.99406798	6.019208624	6.043380038
159	3.687001113	4.180170997	4.473630103	4.682249827	4.843605775	4.974839659	5.085223218	5.180337058	5.263798406	5.33808377	5.404961785	5.465738721	5.521406193	5.572734331	5.620332911	5.664692801	5.706214852	5.745230543	5.782017043	5.816808401	5.84980401	5.881174704	5.911069258	5.93961629	5.96692872	5.993105986	6.018236099	6.042397323
160	3.686721563	4.179792279	4.473181894	4.681747125	4.843057909	4.974253079	5.084602674	5.179686213	5.263120172	5.337380529	5.404235518	5.464991108	5.520638674	5.571948157	5.619529182	5.663872487	5.705378818	5.744379567	5.781151824	5.815929576	5.848912159	5.880270345	5.910152887	5.938688359	5.965989644	5.992156151	6.017275866	6.041427026
161	3.686445524	4.179418322	4.472739321	4.681250746	4.842516933	4.973673876	5.083989936	5.179043553	5.262450469	5.336686131	5.403518384	5.464252895	5.519880805	5.571171868	5.618735557	5.663062484	5.704553293	5.743539285	5.780297479	5.815061795	5.848031515	5.879377348	5.90924803	5.937772085	5.965062365	5.991218247	6.016327692	6.040468915
162	3.686172931	4.179049037	4.47230228	4.680760572	4.84198272	4.973101914	5.083384857	5.178408926	5.261789136	5.336000412	5.402810211	5.463523906	5.519132405	5.570405278	5.617951846	5.6622626	5.703738079	5.7427095	5.779453804	5.814204852	5.847161867	5.878495501	5.908354469	5.93686725	5.96414666	5.99029205	6.015391353	6.039522761
163	3.68590372	4.178684337	4.471870666	4.680276486	4.841455143	4.972537057	5.082787294	5.177782182	5.261136017	5.33532321	5.402110834	5.462803971	5.518393299	5.569648206	5.617177866	5.661472647	5.702932986	5.741890014	5.778620601	5.813358543	5.846303012	5.877624596	5.907471996	5.93597364	5.963242315	5.989377342	6.014466628	6.038588342
164	3.685637828	4.178324137	4.47144438	4.679798376	4.840934079	4.971979173	5.082197109	5.177163176	5.260490961	5.334654366	5.401420089	5.46209292	5.517663314	5.568900477	5.616413436	5.660692439	5.702137824	5.741080637	5.777797675	5.812522673	5.845454749	5.876764431	5.906600404	5.935091049	5.96234912	5.988473911	6.013553303	6.037665441
165	3.685375194	4.177968355	4.471023324	4.679326132	4.840419408	4.971428134	5.081614164	5.176551763	5.259853818	5.333993728	5.400737817	5.461390591	5.516942282	5.568161917	5.61565838	5.659921799	5.701352413	5.740281183	5.776984838	5.81169705	5.844616511	5.875914809	5.905739494	5.934219273	5.96146687	5.987581549	6.012651167	6.036753847
166	3.685115758	4.177616909	4.470607401	4.678859646	4.839911014	4.970883816	5.081038329	5.175947807	5.259224444	5.333341145	5.400063864	5.460696825	5.51623004	5.567432361	5.614912527	5.659160551	5.700576573	5.739491472	5.776181906	5.810881487	5.843788843	5.875075537	5.904889071	5.933358116	5.960595365	5.986700055	6.011760017	6.035853352
167	3.684859464	4.17726972	4.470196518	4.678398815	4.839408782	4.970346095	5.080469473	5.175351171	5.258602699	5.33269647	5.399398077	5.460011465	5.515526428	5.566711643	5.61417571	5.658408525	5.699810131	5.738711326	5.775388698	5.8100758	5.842971197	5.874246427	5.904048944	5.932507384	5.95973441	5.98582923	6.010879653	6.034963756
168	3.684606253	4.176926713	4.469790585	4.677943536	4.838912601	4.969814852	5.079907471	5.174761722	5.257988443	5.332059562	5.39874031	5.45933436	5.51483129	5.565999605	5.613447766	5.657665554	5.699052917	5.737940572	5.774605039	5.809279811	5.842163392	5.873427296	5.903218927	5.93166689	5.958883815	5.984968884	6.010009881	6.034084862
169	3.68435607	4.176587811	4.469389513	4.677493709	4.838422362	4.969289972	5.079352199	5.174179333	5.257381543	5.331430279	5.398090419	5.458665362	5.514144473	5.565296091	5.612728535	5.656931476	5.698304765	5.737179042	5.773830757	5.808493347	5.841365252	5.872617964	5.90239884	5.930836449	5.958043393	5.984118827	6.00915051	6.033216478
170	3.684108863	4.176252942	4.468993214	4.677049236	4.837937959	4.968771341	5.078803537	5.173603876	5.256781867	5.330808487	5.397448263	5.458004326	5.513465831	5.564600947	5.612017862	5.656206131	5.697565514	5.736426571	5.773065686	5.807716238	5.840576604	5.871818257	5.901588504	5.930015883	5.957212964	5.983278876	6.008301355	6.032358416
171	3.683864576	4.175922034	4.468601604	4.676610024	4.837459289	4.968258847	5.078261368	5.173035229	5.256189287	5.330194053	5.396813705	5.45735111	5.512795216	5.563914027	5.611315595	5.655489366	5.696835006	5.735682998	5.772309661	5.806948317	5.839797281	5.871028004	5.900787748	5.929205016	5.956392349	5.982448852	6.007462236	6.031510494
172	3.683623161	4.175595016	4.4682146	4.676175978	4.83698625	4.967752382	5.077725578	5.172473272	5.255603678	5.329586845	5.39618661	5.456705577	5.512132488	5.563235185	5.610621586	5.654781028	5.696113087	5.734948168	5.771562525	5.806189423	5.839027117	5.870247039	5.899996402	5.928403678	5.955581378	5.98162858	6.006632975	6.030672534
173	3.683384565	4.175271822	4.467832122	4.675747008	4.836518744	4.967251841	5.077196054	5.171917887	5.255024917	5.328986739	5.395566848	5.456067591	5.511477509	5.562564279	5.60993569	5.65408097	5.695399606	5.734221926	5.770824119	5.805439027	5.838265953	5.869475199	5.899214302	5.927611701	5.954779879	5.98081789	6.005813399	6.029844359
174	3.68314874	4.174952384	4.467454091	4.675323027	4.836056674	4.96675712	5.076672687	5.17136896	5.254452886	5.328393609	5.394954291	5.455437023	5.510830143	5.561901172	5.609257766	5.653389048	5.694694415	5.733504122	5.770094294	5.804697705	5.837513631	5.868712324	5.898441285	5.926828922	5.953987689	5.980016614	6.00500334	6.029025801
175	3.682915638	4.174636637	4.467080429	4.674903946	4.835599946	4.966268119	5.07615537	5.170826378	5.253887467	5.327807335	5.394348814	5.454813741	5.510190258	5.561245726	5.608587675	5.652705121	5.693997373	5.732794611	5.769372899	5.803964946	5.836769998	5.86795826	5.897677196	5.926055182	5.953204646	5.979224589	6.004202634	6.028216692
176	3.682685212	4.174324517	4.466711061	4.674489683	4.835148467	4.965784738	5.075644	5.170290032	5.253328546	5.327227799	5.393750296	5.454197623	5.509557726	5.560597812	5.607925283	5.65202905	5.693308337	5.73209325	5.76865979	5.803240602	5.836034905	5.867212855	5.896921881	5.925290327	5.952430593	5.978441657	6.003411119	6.027416871
177	3.682457416	4.174015963	4.466345914	4.674080154	4.834702148	4.965306882	5.075138474	5.169759816	5.252776013	5.326654885	5.393158616	5.453588543	5.508932421	5.5599573	5.607270457	5.651360702	5.692627171	5.731399899	5.767954824	5.80252453	5.835308206	5.86647596	5.896175188	5.924534202	5.951665375	5.977667661	6.002628638	6.026626177
178	3.682232206	4.173710914	4.465984915	4.673675278	4.834260901	4.964834455	5.074638692	5.169235625	5.252229757	5.326088481	5.392573658	5.452986383	5.508314219	5.559324063	5.606623069	5.650699945	5.691953741	5.730714422	5.767257864	5.801816588	5.834589757	5.865747431	5.895436971	5.92378666	5.950908843	5.97690245	6.001855036	6.025844457
179	3.682009537	4.173409309	4.465627995	4.673274977	4.83382464	4.964367368	5.074144558	5.168717357	5.251689674	5.325528476	5.391995308	5.452391025	5.507702999	5.558697978	5.605982993	5.650046649	5.691287916	5.730036685	5.766568773	5.801116638	5.833879418	5.865027126	5.894707088	5.923047556	5.950160849	5.976145874	6.001090165	6.025071557
180	3.681789368	4.173111092	4.465275084	4.672879173	4.833393281	4.963905528	5.073655975	5.168204911	5.251155658	5.324974762	5.391423456	5.451802355	5.507098646	5.558078925	5.605350105	5.649400691	5.690629568	5.729366558	5.76588742	5.800424547	5.833177054	5.864314907	5.893985397	5.922316747	5.94942125	5.975397789	6.000333877	6.024307329
181	3.681571655	4.172816206	4.464926116	4.672487792	4.832966741	4.963448848	5.073172852	5.167698191	5.250627608	5.324427234	5.390857992	5.451220261	5.506501042	5.557466787	5.604724285	5.648761946	5.689978571	5.728703914	5.765213673	5.799740182	5.832482531	5.863610638	5.893271761	5.921594095	5.948689905	5.974658052	5.999586027	6.023551629
182	3.681356358	4.172524594	4.464581024	4.672100759	4.832544941	4.962997243	5.072695097	5.167197101	5.250105426	5.323885789	5.390298809	5.450644632	5.505910077	5.556861447	5.604105416	5.648130294	5.689334803	5.728048628	5.764547408	5.799063416	5.831795718	5.862914186	5.892566046	5.920879463	5.947966677	5.973926524	5.998846477	6.022804314
183	3.681143438	4.172236203	4.464239745	4.671718003	4.832127801	4.962550628	5.07222262	5.166701548	5.249589012	5.323350326	5.389745804	5.450075363	5.505325639	5.556262794	5.603493382	5.647505619	5.688698145	5.727400577	5.763888129	5.798394121	5.831116487	5.862225423	5.891868122	5.92017272	5.947251431	5.97320307	5.998115088	6.022065246
184	3.680932854	4.17195098	4.463902216	4.671339452	4.831715246	4.962108921	5.071755336	5.16621144	5.249078273	5.322820746	5.389198875	5.449512348	5.504747622	5.555670717	5.602888071	5.646887805	5.688068479	5.726759644	5.763236447	5.797732176	5.830444714	5.861544222	5.89117786	5.919473735	5.946544036	5.972487556	5.997391726	6.021334289
185	3.680724569	4.171668872	4.463568375	4.670965039	4.831307199	4.961672042	5.071293159	5.165726689	5.248573116	5.322296953	5.388657922	5.448955484	5.50417592	5.555085108	5.602289372	5.646276739	5.68744569	5.726125711	5.762591882	5.797077459	5.829780277	5.860870459	5.890495134	5.918782381	5.945844364	5.971779853	5.996676261	6.02061131
186	3.680518546	4.17138983	4.463238162	4.670594695	4.830903587	4.961239911	5.070836005	5.165247206	5.248073449	5.321778853	5.388122848	5.448404672	5.50361043	5.554505862	5.601697179	5.645672312	5.686829668	5.725498665	5.761954319	5.796429853	5.829123056	5.860204013	5.889819822	5.918098533	5.945152288	5.971079834	5.995968562	6.019896179
187	3.680314747	4.171113802	4.462911518	4.670228355	4.830504339	4.960812452	5.070383793	5.164772906	5.247579183	5.321266353	5.387593558	5.447859813	5.503051052	5.553932876	5.601111384	5.645074416	5.686220301	5.724878393	5.761323643	5.795789243	5.828472933	5.859544765	5.889151803	5.917422071	5.944467687	5.970387373	5.995268504	6.01918877
188	3.680113137	4.170840742	4.462588386	4.669865954	4.830109384	4.96038959	5.069936444	5.164303707	5.247090232	5.320759364	5.387069958	5.447320811	5.502497687	5.553366049	5.600531886	5.644482946	5.685617483	5.724264786	5.760699743	5.795155516	5.827829796	5.858892599	5.88849096	5.916752876	5.943790438	5.96970235	5.994575965	6.018488957
189	3.679913681	4.170570601	4.462268709	4.669507428	4.829718653	4.95997125	5.06949388	5.163839525	5.246606509	5.320257796	5.386551957	5.446787573	5.501950238	5.552805282	5.599958583	5.643897799	5.685021109	5.723657739	5.760082512	5.794528562	5.827193531	5.858247402	5.887837179	5.91609083	5.943120425	5.969024644	5.993890824	6.017796619
190	3.679716345	4.170303332	4.461952433	4.669152717	4.829332079	4.95955736	5.069056024	5.163380282	5.246127933	5.319761563	5.386039465	5.446260006	5.501408612	5.552250478	5.599391376	5.643318874	5.684431076	5.723057145	5.759471843	5.793908272	5.82656403	5.857609063	5.887190346	5.915435821	5.942457532	5.968354141	5.993212963	6.017111638
191	3.679521094	4.17003889	4.461639503	4.668801759	4.828949596	4.959147851	5.068622801	5.162925898	5.24565442	5.319270581	5.385532396	5.44573802	5.500872716	5.551701544	5.598830169	5.642746073	5.683847283	5.722462903	5.758867631	5.793294541	5.825941185	5.856977473	5.886550351	5.914787735	5.941801646	5.967690724	5.992542267	6.016433896
192	3.679327896	4.169777231	4.461329866	4.668454495	4.828571139	4.958742652	5.068194138	5.162476297	5.245185891	5.318784766	5.385030663	5.445221528	5.500342459	5.551158386	5.598274868	5.642179298	5.683269633	5.721874913	5.758269775	5.792687266	5.82532489	5.856352526	5.885917087	5.914146465	5.941152657	5.967034283	5.991878622	6.015763279
193	3.679136719	4.16951831	4.461023471	4.668110868	4.828196645	4.958341696	5.067769964	5.162031404	5.244722268	5.318304038	5.384534184	5.444710443	5.499817752	5.550620913	5.597725378	5.641618455	5.682698027	5.721293076	5.757678176	5.792086345	5.824715044	5.855734117	5.885290448	5.913511903	5.940510457	5.966384708	5.991221918	6.015099675
194	3.678947531	4.169262085	4.460720268	4.66777082	4.827826052	4.957944917	5.067350208	5.161591145	5.244263474	5.317828317	5.384042875	5.444204681	5.49929851	5.550089037	5.59718161	5.641063451	5.682132373	5.720717297	5.757092734	5.79149168	5.824111546	5.855122144	5.884670331	5.912883945	5.939874939	5.965741892	5.990572047	6.014442976
195	3.678760301	4.169008514	4.460420205	4.667434295	4.827459299	4.95755225	5.066934803	5.161155448	5.243809435	5.317357525	5.383556656	5.443704158	5.498784648	5.549562671	5.596643475	5.640514196	5.681572578	5.720147112	5.756513356	5.790903172	5.823514296	5.854516507	5.884056633	5.912262488	5.939246	5.96510573	5.989928903	6.013793074
196	3.678575	4.168757556	4.460123236	4.66710124	4.827096327	4.957163631	5.06652368	5.160724242	5.243360075	5.316891587	5.38307545	5.443208795	5.498276081	5.54904173	5.596110886	5.639970602	5.681018551	5.719583159	5.755939946	5.790320727	5.822923199	5.853917109	5.883449257	5.911647431	5.938623539	5.964476119	5.989292381	6.013149863
197	3.678391597	4.168509171	4.459829312	4.6667716	4.826737078	4.956778998	5.066116773	5.16029746	5.242915324	5.316430426	5.382599178	5.442718511	5.497772729	5.54852613	5.595583756	5.63943258	5.680470203	5.719024987	5.755372414	5.789744251	5.82233816	5.853323854	5.882848105	5.911038677	5.938007455	5.963852959	5.98866238	6.012513242
198	3.678210063	4.16826332	4.459538387	4.666445325	4.826381495	4.956398289	5.065714019	5.159875032	5.242475112	5.315973971	5.382127765	5.442233229	5.497274512	5.548015789	5.595062004	5.638900045	5.679927448	5.718472507	5.754810669	5.789173654	5.821759086	5.852736647	5.882253081	5.910436128	5.937397651	5.963236151	5.988038801	6.011883109
199	3.67803037	4.168019963	4.459250415	4.666122361	4.826029522	4.956021446	5.065315354	5.159456892	5.242039368	5.315522149	5.381661137	5.441752872	5.496781351	5.547510628	5.594545547	5.638372915	5.679390201	5.717925632	5.754254624	5.788608846	5.821185886	5.852155397	5.881664093	5.909839691	5.936794032	5.962625598	5.987421545	6.011259366
200	3.677852491	4.167779064	4.458965351	4.66580266	4.825681104	4.95564841	5.064920715	5.159042976	5.241608025	5.315074891	5.381199222	5.441277367	5.496293171	5.547010568	5.594034304	5.637851107	5.678858377	5.717384279	5.753704192	5.788049738	5.820618472	5.851580013	5.881081049	5.909249273	5.936196504	5.962021206	5.986810518	6.010641916
